---- WorkLoadUnit (NetworkId, LayerId, subLayerID, numIter, tileID) [Ni x inW x inH] => [No x outW x outH] | LayerType
 LinkSubtype (Link ID) : [delay, freq, repeat, period]
     BuffType <bufDbIndex> (BuffShape,dataType)[freq,repeat,repeatOffset,period]: space(coreId), bufWidth, activeBufWidth, bufHeight, bufSize, [offset, superOffset], baseMem
     FlowInfo : [pipeup]***[pipeline]***[pipedown]***[flowUnitBoundary]

 ******************************   CORE Number = 0 ***************************
 ------------- 1( 0, 1, 0, 2, 0) [224 x 3 x  224] => [3 x 224 x  224] | TIDL_DataConvertLayer
 LINK_X_FM_IN_FULL_TO_PART      16          :  [0,1,1,1]
    FM_FULL        <0> ( L,U8b)[ 1, 1,    0, 1]: DDR( 0),   672,   672,   224,151552,[  0,  0],     0 |||| FM_IN_PART     <2> (PP,U8b)[ 1, 1,    0, 1]:  L2( 0),   705,   705,   224,157952,[     0,     0],     0
     Src_Flow [     0,     1,     1,     1] [     0,     0,     0]***[   672,   224,     1,     1] [   672,   672,150528]***[     0,     1,     1,     1] [     0,     0,     0]***[2]
     Snk_Flow [     0,     1,     1,     1] [     0,     0,     0]***[   672,   224,     1,     1] [   705, 78960,     0]***[     0,     1,     1,     1] [     0,     0,     0]***[2]
 LINK_P                         134217744   :  [1,1,1,1]
    FM_IN_PART     <2> (PP,U8b)[ 1, 1,    0, 1]:  L2( 0),   705,   705,   224,157952,[  0,  0],     0 |||| FM_FULL        <1> ( L,U8b)[ 1, 1,    0, 1]: MSMC( 0), 50880, 50851,     3,152832,[   226,     0],    1e
     Src_Flow [     0,     1,     1,     1] [     0,     0,     0]***[   672,   224,     1,     1] [   705, 78960,     0]***[     0,     1,     1,     1] [     0,     0,     0]***[2]
     Snk_Flow [     0,     1,     1,     1] [     0,     0,     0]***[ 50400,     3,     1,     1] [ 50880, 50400, 50400]***[     0,     1,     1,     1] [     0,     0,     0]***[2]
Padding Info [Row, Col]: Actual  IN -> OUT : [ 0,  0] -> [ 1,  1],  To fill zero OUT: [ 1,  1], Virtual Pad(T,L,B,R): [ 0,  0,  0,  0]

 ------------- 2( 0, 2, 0, 3, 0) [3 x 224 x  224] => [32 x 112 x  112] | TIDL_ConvolutionLayer
 LINK_X_FM_IN_FULL_TO_PART      536870944   :  [1,1,1,1]
    FM_FULL        <1> ( L,U8b)[ 1, 1,    0, 1]: MSMC( 0), 50880, 50851,     3,152832,[226,  0],    1e |||| FM_IN_PART     <4> ( L,U8b)[ 1, 1,    0, 1]:  L2( 0), 50752, 50752,     3,152320,[     0,     0],     0
     Src_Flow [     0,     1,     1,     1] [     0,     0,     0]***[ 50626,     3,     1,     1] [ 50880, 50626,152640]***[     0,     1,     1,     1] [     0,     0,     0]***[2]
     Snk_Flow [     0,     1,     1,     1] [     0,     0,     0]***[ 50626,     3,     1,     1] [ 50752, 50626,     0]***[     0,     1,     1,     1] [     0,     0,     0]***[2]
 LINK_X_COEFF_IN_ANY_TO_FINAL   587202592   :  [1,1,1,1]
    COEFF_IN_STAGE <6> ( L,S8b)[ 1, 1,    0, 1]: MSMC( 0),    28,    28,    32,   896,[  0,  0],5a3400 |||| COEFF_IN_FINAL <7> ( L,S8b)[ 1, 1,    0, 1]:  L2( 0),    28,    28,    32,   896,[     0,     0], 25300
     Src_Flow [     0,     1,     1,     1] [     0,     0,     0]***[    28,    32,     1,     1] [    28,    28,   896]***[     0,     1,     1,     1] [     0,     0,     0]***[2]
     Snk_Flow [     0,     1,     1,     1] [     0,     0,     0]***[    28,    32,     1,     1] [    28,    28,     0]***[     0,     1,     1,     1] [     0,     0,     0]***[2]
 LINK_P                         671088672   :  [2,1,1,1]
    FM_IN_PART     <4> ( L,U8b)[ 1, 1,    0, 1]:  L2( 0), 50752, 50752,     3,152320,[  0,  0],     0 |||| FM_FULL        <3> ( L,U8b)[ 1, 1,    0, 1]: MSMC( 0), 12992, 12883,    32,415872,[   114,     0], 2550e
    COEFF_IN_FINAL  <7> ( L,S8b)[ 1, 1,    0, 1]:  L2( 0),    28,    28,    32,   896,[  0,  0], 25300
     Src_Flow [     0,     1,     1,     1] [     0,     0,     0]***[ 50626,     3,     1,     1] [ 50752, 50626,     0]***[     0,     1,     1,     1] [     1,     1,     1]***[2]
    Src2_Flow [     0,     1,     1,     1] [     0,     0,     0]***[    28,    32,     1,     1] [    28,   896,     0]***[     0,     1,     1,     1] [     0,     0,     0]***[2]
     Snk_Flow [     0,     1,     1,     1] [     0,     0,     0]***[ 12656,    32,     1,     1] [ 12992, 12656,415744]***[     0,     1,     1,     1] [     0,     0,     0]***[2]
Padding Info [Row, Col]: Actual  IN -> OUT : [ 1,  1] -> [ 1,  1],  To fill zero OUT: [ 1,  1], Virtual Pad(T,L,B,R): [ 0,  0,  0,  0]

 ------------- 3( 0, 3, 0, 3, 0) [32 x 112 x  112] => [32 x 112 x  112] | TIDL_ConvolutionLayer
 LINK_X_FM_IN_FULL_TO_PART      1073741872  :  [1,1,1,1]
    FM_FULL        <3> ( L,U8b)[ 1, 1,    0, 1]: MSMC( 0), 12992, 12883,    32,415872,[  0,  0], 2550e |||| FM_IN_PART     <9> (PP,U8b)[ 1, 1,    0, 1]:  L2( 0), 12882, 12882,    32,412288,[     0,     0],     0
     Src_Flow [     0,     1,     1,     1] [     0,     0,     0]***[ 12883,    32,     1,     1] [ 12992, 12883,415744]***[     0,     1,     1,     1] [     0,     0,     0]***[2]
     Snk_Flow [     0,     1,     1,     1] [     0,     0,     0]***[ 12883,    32,     1,     1] [ 12882,206112,     0]***[     0,     1,     1,     1] [     0,     0,     0]***[2]
 LINK_X_COEFF_IN_ANY_TO_FINAL   1124073520  :  [1,1,1,1]
    COEFF_IN_STAGE <11> ( L,S8b)[ 1, 1,    0, 1]: MSMC( 0),    10,    10,    96,  1024,[  0,  0],5a3000 |||| COEFF_IN_FINAL <12> ( L,S8b)[ 1, 1,    0, 1]:  L2( 0),    10,    10,    96,  1024,[     0,     0], 64a80
     Src_Flow [     0,     1,     1,     1] [     0,     0,     0]***[    10,    96,     1,     1] [    10,    10,   960]***[     0,     1,     1,     1] [     0,     0,     0]***[2]
     Snk_Flow [     0,     1,     1,     1] [     0,     0,     0]***[    10,    96,     1,     1] [    10,    10,     0]***[     0,     1,     1,     1] [     0,     0,     0]***[2]
 LINK_P                         1207959600  :  [2,1,1,1]
    FM_IN_PART     <9> (PP,U8b)[ 1, 1,    0, 1]:  L2( 0), 12882, 12882,    32,412288,[  0,  0],     0 |||| FM_FULL        <8> ( L,U8b)[ 1, 1,    0, 1]: MSMC( 0), 12992, 12883,    32,415872,[   114,     0],     e
    COEFF_IN_FINAL  <12> ( L,S8b)[ 1, 1,    0, 1]:  L2( 0),    10,    10,    96,  1024,[  0,  0], 64a80
     Src_Flow [     0,     1,     1,     1] [     0,     0,     0]***[ 12883,    32,     1,     1] [ 12882,206112,     0]***[     0,     1,     1,     1] [     0,     0,     0]***[2]
    Src2_Flow [     0,     1,     1,     1] [     0,     0,     0]***[    10,    96,     1,     1] [    10,   960,     0]***[     0,     1,     1,     1] [     0,     0,     0]***[2]
     Snk_Flow [     0,     1,     1,     1] [     0,     0,     0]***[ 12656,    32,     1,     1] [ 12992, 12656,415744]***[     0,     1,     1,     1] [     0,     0,     0]***[2]
Padding Info [Row, Col]: Actual  IN -> OUT : [ 1,  1] -> [ 1,  1],  To fill zero OUT: [ 0,  0], Virtual Pad(T,L,B,R): [ 0,  0,  0,  0]

 ------------- 4( 0, 4, 0, 4, 0) [32 x 112 x  112] => [64 x 112 x  112] | TIDL_ConvolutionLayer
 LINK_X_FM_IN_FULL_TO_PART      1610612800  :  [1,2,1,1]
    FM_FULL        <8> ( L,U8b)[ 2, 1,    0, 1]: MSMC( 0), 12992, 12883,    32,415872,[114,  0],     e |||| FM_IN_PART     <14> ( L,U8b)[ 2, 1,    0, 1]:  L2( 0), 14144, 14144,    32,452608,[     0,     0],     0
     Src_Flow [     0,     1,     1,     1] [     0,     0,     0]***[  7040,    32,     1,     1] [ 12992,  7040,415744]***[  5616,    32,     1,     1] [ 12992,  7040,     0]***[2]
     Snk_Flow [     0,     1,     1,     1] [     0,     0,     0]***[  7040,    32,     1,     1] [ 14144,  7040,     0]***[  5616,    32,     1,     1] [ 14144,  7040,     0]***[2]
 LINK_X_COEFF_IN_ANY_TO_FINAL   1660944448  :  [1,1,1,1]
    COEFF_IN_STAGE <16> ( L,S8b)[ 1, 1,    0, 1]: MSMC( 0),    33,    33,    64,  2176,[  0,  0],5a2780 |||| COEFF_IN_FINAL <17> ( L,S8b)[ 1, 1,    0, 1]:  L2( 0),    33,    33,    64,  2176,[     0,     0], 6e800
     Src_Flow [     0,     1,     1,     1] [     0,     0,     0]***[    33,    64,     1,     1] [    33,    33,  2112]***[     0,     1,     1,     1] [     0,     0,     0]***[2]
     Snk_Flow [     0,     1,     1,     1] [     0,     0,     0]***[    33,    64,     1,     1] [    33,    33,     0]***[     0,     1,     1,     1] [     0,     0,     0]***[2]
 LINK_P                         1744830528  :  [2,2,1,1]
    FM_IN_PART     <14> ( L,U8b)[ 2, 1,    0, 1]:  L2( 0), 14144, 14144,    32,452608,[  0,  0],     0 |||| FM_FULL        <13> ( L,U8b)[ 2, 1,    0, 1]: MSMC( 0), 12992, 12883,    64,831616,[   114,     0],     e
    COEFF_IN_FINAL  <17> ( L,S8b)[ 1, 1,    0, 1]:  L2( 0),    33,    33,    64,  2176,[  0,  0], 6e800
     Src_Flow [     0,     1,     1,     1] [     0,     0,     0]***[  7040,    32,     1,     1] [ 14144,  7040,     0]***[  5616,    32,     1,     1] [ 14144,  7040,     0]***[2]
    Src2_Flow [     0,     1,     1,     1] [     0,     0,     0]***[    33,    64,     1,     1] [    33,  2112,     0]***[     0,     1,     1,     1] [     0,     0,     0]***[2]
     Snk_Flow [     0,     1,     1,     1] [     0,     0,     0]***[  7040,    64,     1,     1] [ 12992,  7040,831488]***[  5616,    64,     1,     1] [ 12992,  7040,     0]***[2]
Padding Info [Row, Col]: Actual  IN -> OUT : [ 1,  1] -> [ 1,  1],  To fill zero OUT: [ 1,  0], Virtual Pad(T,L,B,R): [ 0,  0,  0,  0]

 ------------- 5( 0, 5, 0, 5, 0) [64 x 112 x  112] => [64 x 56 x  56] | TIDL_ConvolutionLayer
 LINK_X_FM_IN_FULL_TO_PART      2147483728  :  [0,4,1,1]
    FM_FULL        <13> ( L,U8b)[ 4, 1,    0, 1]: MSMC( 0), 12992, 12883,    64,831616,[114,  0],     e |||| FM_IN_PART     <19> (PP,U8b)[ 4, 1,    0, 1]:  L2( 0), 12882, 12882,    32,412288,[     0,     0],     0
     Src_Flow [     0,     1,     1,     1] [     0,     0,     0]***[ 12882,    16,     4,     1] [ 12992,207872,207872]***[     0,     1,     1,     1] [     0,     0,     0]***[2]
     Snk_Flow [     0,     1,     1,     1] [     0,     0,     0]***[ 12882,    16,     2,     2] [ 12882,206112,     0]***[     0,     1,     1,     1] [     0,     0,     0]***[2]
 LINK_P                         2281701456  :  [1,4,1,1]
    FM_IN_PART     <19> (PP,U8b)[ 4, 1,    0, 1]:  L2( 0), 12882, 12882,    32,412288,[  0,  0],     0 |||| FM_FULL        <18> ( L,U8b)[ 4, 1,    0, 1]: MSMC( 0),  3392,  3307,    64,217216,[    58,     0],    46
    COEFF_IN_FINAL  <21> ( L,S8b)[ 1, 1,    0, 1]:  L2( 0),    10,    10,   192,  1920,[  0,  0], 6f080
     Src_Flow [     0,     1,     1,     1] [     0,     0,     0]***[ 12882,    16,     2,     2] [ 12882,206112,     0]***[     0,     1,     1,     1] [     0,     0,     0]***[2]
    Src2_Flow [     0,     1,     1,     1] [     0,     0,     0]***[    10,    48,     4,     1] [    10,   480,     0]***[     0,     1,     1,     1] [     0,     0,     0]***[2]
     Snk_Flow [     0,     1,     1,     1] [     0,     0,     0]***[  3192,    16,     4,     1] [  3392, 54272, 54272]***[     0,     1,     1,     1] [     0,     0,     0]***[2]
Padding Info [Row, Col]: Actual  IN -> OUT : [ 1,  1] -> [ 1,  1],  To fill zero OUT: [ 0,  0], Virtual Pad(T,L,B,R): [ 0,  0,  0,  0]

 ------------- 6( 0, 6, 0, 3, 0) [64 x 56 x  56] => [128 x 56 x  56] | TIDL_ConvolutionLayer
 LINK_X_FM_IN_FULL_TO_PART      2684354656  :  [1,1,1,1]
    FM_FULL        <18> ( L,U8b)[ 1, 1,    0, 1]: MSMC( 0),  3392,  3307,    64,217216,[ 58,  0],    46 |||| FM_IN_PART     <23> ( L,U8b)[ 1, 1,    0, 1]:  L2( 0),  3264,  3264,    64,208896,[     0,     0],     0
     Src_Flow [     0,     1,     1,     1] [     0,     0,     0]***[  3192,    64,     1,     1] [  3392,  3192,217088]***[     0,     1,     1,     1] [     0,     0,     0]***[2]
     Snk_Flow [     0,     1,     1,     1] [     0,     0,     0]***[  3192,    64,     1,     1] [  3264,  3192,     0]***[     0,     1,     1,     1] [     0,     0,     0]***[2]
 LINK_X_COEFF_IN_ANY_TO_FINAL   2734686304  :  [1,1,1,1]
    COEFF_IN_STAGE <25> ( L,S8b)[ 1, 1,    0, 1]: MSMC( 0),   192,    65,   128, 24576,[  0,  0],57a580 |||| COEFF_IN_FINAL <26> ( L,S8b)[ 1, 1,    0, 1]:  L2( 0),   192,    65,   128, 24576,[     0,     0], 33000
     Src_Flow [     0,     1,     1,     1] [     0,     0,     0]***[    65,   128,     1,     1] [   192,    65, 24576]***[     0,     1,     1,     1] [     0,     0,     0]***[2]
     Snk_Flow [     0,     1,     1,     1] [     0,     0,     0]***[    65,   128,     1,     1] [   192,    65,     0]***[     0,     1,     1,     1] [     0,     0,     0]***[2]
 LINK_P                         2818572384  :  [2,1,1,1]
    FM_IN_PART     <23> ( L,U8b)[ 1, 1,    0, 1]:  L2( 0),  3264,  3264,    64,208896,[  0,  0],     0 |||| FM_FULL        <22> ( L,U8b)[ 1, 1,    0, 1]: MSMC( 0),  3392,  3307,   128,434304,[    58,     0],    46
    COEFF_IN_FINAL  <26> ( L,S8b)[ 1, 1,    0, 1]:  L2( 0),   192,    65,   128, 24576,[  0,  0], 33000
     Src_Flow [     0,     1,     1,     1] [     0,     0,     0]***[  3192,    64,     1,     1] [  3264,  3192,     0]***[     0,     1,     1,     1] [     0,     0,     0]***[2]
    Src2_Flow [     0,     1,     1,     1] [     0,     0,     0]***[    65,   128,     1,     1] [   192, 24576,     0]***[     0,     1,     1,     1] [     0,     0,     0]***[2]
     Snk_Flow [     0,     1,     1,     1] [     0,     0,     0]***[  3192,   128,     1,     1] [  3392,  3192,434176]***[     0,     1,     1,     1] [     0,     0,     0]***[2]
Padding Info [Row, Col]: Actual  IN -> OUT : [ 1,  1] -> [ 1,  1],  To fill zero OUT: [ 1,  0], Virtual Pad(T,L,B,R): [ 0,  0,  0,  0]

 ------------- 7( 0, 7, 0, 3, 0) [128 x 56 x  56] => [128 x 56 x  56] | TIDL_ConvolutionLayer
 LINK_X_FM_IN_FULL_TO_PART      3221225584  :  [1,1,1,1]
    FM_FULL        <22> ( L,U8b)[ 1, 1,    0, 1]: MSMC( 0),  3392,  3307,   128,434304,[  0,  0],    46 |||| FM_IN_PART     <28> (PP,U8b)[ 1, 1,    0, 1]:  L2( 0),  3306,  3306,   128,423296,[     0,     0],     0
     Src_Flow [     0,     1,     1,     1] [     0,     0,     0]***[  3307,   128,     1,     1] [  3392,  3307,434176]***[     0,     1,     1,     1] [     0,     0,     0]***[2]
     Snk_Flow [     0,     1,     1,     1] [     0,     0,     0]***[  3307,   128,     1,     1] [  3306,211584,     0]***[     0,     1,     1,     1] [     0,     0,     0]***[2]
 LINK_X_COEFF_IN_ANY_TO_FINAL   3271557232  :  [1,1,1,1]
    COEFF_IN_STAGE <30> ( L,S8b)[ 1, 1,    0, 1]: MSMC( 0),    10,    10,   384,  3840,[  0,  0],5a0980 |||| COEFF_IN_FINAL <31> ( L,S8b)[ 1, 1,    0, 1]:  L2( 0),    10,    10,   384,  3840,[     0,     0], 67580
     Src_Flow [     0,     1,     1,     1] [     0,     0,     0]***[    10,   384,     1,     1] [    10,    10,  3840]***[     0,     1,     1,     1] [     0,     0,     0]***[2]
     Snk_Flow [     0,     1,     1,     1] [     0,     0,     0]***[    10,   384,     1,     1] [    10,    10,     0]***[     0,     1,     1,     1] [     0,     0,     0]***[2]
 LINK_P                         3355443312  :  [2,1,1,1]
    FM_IN_PART     <28> (PP,U8b)[ 1, 1,    0, 1]:  L2( 0),  3306,  3306,   128,423296,[  0,  0],     0 |||| FM_FULL        <27> ( L,U8b)[ 1, 1,    0, 1]: MSMC( 0),  3392,  3307,   128,434304,[    58,     0],    46
    COEFF_IN_FINAL  <31> ( L,S8b)[ 1, 1,    0, 1]:  L2( 0),    10,    10,   384,  3840,[  0,  0], 67580
     Src_Flow [     0,     1,     1,     1] [     0,     0,     0]***[  3307,   128,     1,     1] [  3306,211584,     0]***[     0,     1,     1,     1] [     0,     0,     0]***[2]
    Src2_Flow [     0,     1,     1,     1] [     0,     0,     0]***[    10,   384,     1,     1] [    10,  3840,     0]***[     0,     1,     1,     1] [     0,     0,     0]***[2]
     Snk_Flow [     0,     1,     1,     1] [     0,     0,     0]***[  3192,   128,     1,     1] [  3392,  3192,434176]***[     0,     1,     1,     1] [     0,     0,     0]***[2]
Padding Info [Row, Col]: Actual  IN -> OUT : [ 1,  1] -> [ 1,  1],  To fill zero OUT: [ 0,  0], Virtual Pad(T,L,B,R): [ 0,  0,  0,  0]

 ------------- 8( 0, 8, 0, 4, 0) [128 x 56 x  56] => [128 x 56 x  56] | TIDL_ConvolutionLayer
 LINK_X_FM_IN_FULL_TO_PART      3758096512  :  [1,2,1,1]
    FM_FULL        <27> ( L,U8b)[ 2, 1,    0, 1]: MSMC( 0),  3392,  3307,   128,434304,[ 58,  0],    46 |||| FM_IN_PART     <33> ( L,U8b)[ 2, 1,    0, 1]:  L2( 0),  3264,  3264,   128,417792,[     0,     0],     0
     Src_Flow [     0,     1,     1,     1] [     0,     0,     0]***[  1600,   128,     1,     1] [  3392,  1600,434176]***[  1592,   128,     1,     1] [  3392,  1600,     0]***[2]
     Snk_Flow [     0,     1,     1,     1] [     0,     0,     0]***[  1600,   128,     1,     1] [  3264,  1600,     0]***[  1592,   128,     1,     1] [  3264,  1600,     0]***[2]
 LINK_X_COEFF_IN_ANY_TO_FINAL   3808428160  :  [1,1,1,1]
    COEFF_IN_STAGE <35> ( L,S8b)[ 1, 1,    0, 1]: MSMC( 0),   192,   129,   128, 24576,[  0,  0],580580 |||| COEFF_IN_FINAL <36> ( L,S8b)[ 1, 1,    0, 1]:  L2( 0),   192,   129,   128, 24576,[     0,     0], 66000
     Src_Flow [     0,     1,     1,     1] [     0,     0,     0]***[   129,   128,     1,     1] [   192,   129, 24576]***[     0,     1,     1,     1] [     0,     0,     0]***[2]
     Snk_Flow [     0,     1,     1,     1] [     0,     0,     0]***[   129,   128,     1,     1] [   192,   129,     0]***[     0,     1,     1,     1] [     0,     0,     0]***[2]
 LINK_P                         3892314240  :  [2,2,1,1]
    FM_IN_PART     <33> ( L,U8b)[ 2, 1,    0, 1]:  L2( 0),  3264,  3264,   128,417792,[  0,  0],     0 |||| FM_FULL        <32> ( L,U8b)[ 2, 1,    0, 1]: MSMC( 0),  3392,  3307,   128,434304,[    58,     0],    46
    COEFF_IN_FINAL  <36> ( L,S8b)[ 1, 1,    0, 1]:  L2( 0),   192,   129,   128, 24576,[  0,  0], 66000
     Src_Flow [     0,     1,     1,     1] [     0,     0,     0]***[  1600,   128,     1,     1] [  3264,  1600,     0]***[  1592,   128,     1,     1] [  3264,  1600,     0]***[2]
    Src2_Flow [     0,     1,     1,     1] [     0,     0,     0]***[   129,   128,     1,     1] [   192, 24576,     0]***[     0,     1,     1,     1] [     0,     0,     0]***[2]
     Snk_Flow [     0,     1,     1,     1] [     0,     0,     0]***[  1600,   128,     1,     1] [  3392,  1600,434176]***[  1592,   128,     1,     1] [  3392,  1600,     0]***[2]
Padding Info [Row, Col]: Actual  IN -> OUT : [ 1,  1] -> [ 1,  1],  To fill zero OUT: [ 0,  0], Virtual Pad(T,L,B,R): [ 0,  0,  0,  0]

 ------------- 9( 0, 9, 0, 3, 0) [128 x 56 x  56] => [128 x 28 x  28] | TIDL_ConvolutionLayer
 LINK_X_FM_IN_FULL_TO_PART      4294967440  :  [1,1,1,1]
    FM_FULL        <32> ( L,U8b)[ 1, 1,    0, 1]: MSMC( 0),  3392,  3307,   128,434304,[ 58,  0],    46 |||| FM_IN_PART     <38> (PP,U8b)[ 1, 1,    0, 1]:  L2( 0),  3306,  3306,   128,423296,[     0,     0],     0
     Src_Flow [     0,     1,     1,     1] [     0,     0,     0]***[  3306,   128,     1,     1] [  3392,  3306,434176]***[     0,     1,     1,     1] [     0,     0,     0]***[2]
     Snk_Flow [     0,     1,     1,     1] [     0,     0,     0]***[  3306,   128,     1,     1] [  3306,211584,     0]***[     0,     1,     1,     1] [     0,     0,     0]***[2]
 LINK_X_COEFF_IN_ANY_TO_FINAL   4345299088  :  [1,1,1,1]
    COEFF_IN_STAGE <40> ( L,S8b)[ 1, 1,    0, 1]: MSMC( 0),    10,    10,   384,  3840,[  0,  0],5a1880 |||| COEFF_IN_FINAL <41> ( L,S8b)[ 1, 1,    0, 1]:  L2( 0),    10,    10,   384,  3840,[     0,     0], 67580
     Src_Flow [     0,     1,     1,     1] [     0,     0,     0]***[    10,   384,     1,     1] [    10,    10,  3840]***[     0,     1,     1,     1] [     0,     0,     0]***[2]
     Snk_Flow [     0,     1,     1,     1] [     0,     0,     0]***[    10,   384,     1,     1] [    10,    10,     0]***[     0,     1,     1,     1] [     0,     0,     0]***[2]
 LINK_P                         4429185168  :  [2,1,1,1]
    FM_IN_PART     <38> (PP,U8b)[ 1, 1,    0, 1]:  L2( 0),  3306,  3306,   128,423296,[  0,  0],     0 |||| FM_FULL        <37> ( L,U8b)[ 1, 1,    0, 1]: MSMC( 0),   960,   871,   128,123008,[    30,     0],    62
    COEFF_IN_FINAL  <41> ( L,S8b)[ 1, 1,    0, 1]:  L2( 0),    10,    10,   384,  3840,[  0,  0], 67580
     Src_Flow [     0,     1,     1,     1] [     0,     0,     0]***[  3306,   128,     1,     1] [  3306,211584,     0]***[     0,     1,     1,     1] [     0,     0,     0]***[2]
    Src2_Flow [     0,     1,     1,     1] [     0,     0,     0]***[    10,   384,     1,     1] [    10,  3840,     0]***[     0,     1,     1,     1] [     0,     0,     0]***[2]
     Snk_Flow [     0,     1,     1,     1] [     0,     0,     0]***[   812,   128,     1,     1] [   960,   812,122880]***[     0,     1,     1,     1] [     0,     0,     0]***[2]
Padding Info [Row, Col]: Actual  IN -> OUT : [ 1,  1] -> [ 1,  1],  To fill zero OUT: [ 0,  0], Virtual Pad(T,L,B,R): [ 0,  0,  0,  0]

 ------------- 10( 0, 10, 0, 3, 0) [128 x 28 x  28] => [256 x 28 x  28] | TIDL_ConvolutionLayer
 LINK_X_FM_IN_FULL_TO_PART      4831838368  :  [1,1,1,1]
    FM_FULL        <37> ( L,U8b)[ 1, 1,    0, 1]: MSMC( 0),   960,   871,   128,123008,[ 30,  0],    62 |||| FM_IN_PART     <43> ( L,U8b)[ 1, 1,    0, 1]:  L2( 0),   832,   832,   128,106496,[     0,     0],     0
     Src_Flow [     0,     1,     1,     1] [     0,     0,     0]***[   812,   128,     1,     1] [   960,   812,122880]***[     0,     1,     1,     1] [     0,     0,     0]***[2]
     Snk_Flow [     0,     1,     1,     1] [     0,     0,     0]***[   812,   128,     1,     1] [   832,   812,     0]***[     0,     1,     1,     1] [     0,     0,     0]***[2]
 LINK_X_COEFF_IN_ANY_TO_FINAL   4882170016  :  [1,1,1,1]
    COEFF_IN_STAGE <45> ( L,S8b)[ 1, 1,    0, 1]: MSMC( 0),   192,   129,   256, 49152,[  0,  0],566d80 |||| COEFF_IN_FINAL <46> ( L,S8b)[ 1, 1,    0, 1]:  L2( 0),   192,   129,   256, 49152,[     0,     0], 1a000
     Src_Flow [     0,     1,     1,     1] [     0,     0,     0]***[   129,   256,     1,     1] [   192,   129, 49152]***[     0,     1,     1,     1] [     0,     0,     0]***[2]
     Snk_Flow [     0,     1,     1,     1] [     0,     0,     0]***[   129,   256,     1,     1] [   192,   129,     0]***[     0,     1,     1,     1] [     0,     0,     0]***[2]
 LINK_P                         4966056096  :  [2,1,1,1]
    FM_IN_PART     <43> ( L,U8b)[ 1, 1,    0, 1]:  L2( 0),   832,   832,   128,106496,[  0,  0],     0 |||| FM_FULL        <42> ( L,U8b)[ 1, 1,    0, 1]: MSMC( 0),   960,   871,   256,245888,[    30,     0],    62
    COEFF_IN_FINAL  <46> ( L,S8b)[ 1, 1,    0, 1]:  L2( 0),   192,   129,   256, 49152,[  0,  0], 1a000
     Src_Flow [     0,     1,     1,     1] [     0,     0,     0]***[   812,   128,     1,     1] [   832,   812,     0]***[     0,     1,     1,     1] [     0,     0,     0]***[2]
    Src2_Flow [     0,     1,     1,     1] [     0,     0,     0]***[   129,   256,     1,     1] [   192, 49152,     0]***[     0,     1,     1,     1] [     0,     0,     0]***[2]
     Snk_Flow [     0,     1,     1,     1] [     0,     0,     0]***[   812,   256,     1,     1] [   960,   812,245760]***[     0,     1,     1,     1] [     0,     0,     0]***[2]
Padding Info [Row, Col]: Actual  IN -> OUT : [ 1,  1] -> [ 1,  1],  To fill zero OUT: [ 1,  0], Virtual Pad(T,L,B,R): [ 0,  0,  0,  0]

 ------------- 11( 0, 11, 0, 3, 0) [256 x 28 x  28] => [256 x 28 x  28] | TIDL_ConvolutionLayer
 LINK_X_FM_IN_FULL_TO_PART      5368709296  :  [1,1,1,1]
    FM_FULL        <42> ( L,U8b)[ 1, 1,    0, 1]: MSMC( 0),   960,   871,   256,245888,[  0,  0],    62 |||| FM_IN_PART     <48> (PP,U8b)[ 1, 1,    0, 1]:  L2( 0),   870,   870,   256,222848,[     0,     0],     0
     Src_Flow [     0,     1,     1,     1] [     0,     0,     0]***[   871,   256,     1,     1] [   960,   871,245760]***[     0,     1,     1,     1] [     0,     0,     0]***[2]
     Snk_Flow [     0,     1,     1,     1] [     0,     0,     0]***[   871,   256,     1,     1] [   870,111360,     0]***[     0,     1,     1,     1] [     0,     0,     0]***[2]
 LINK_X_COEFF_IN_ANY_TO_FINAL   5419040944  :  [1,1,1,1]
    COEFF_IN_STAGE <50> ( L,S8b)[ 1, 1,    0, 1]: MSMC( 0),    10,    10,   768,  7680,[  0,  0],59cd80 |||| COEFF_IN_FINAL <51> ( L,S8b)[ 1, 1,    0, 1]:  L2( 0),    10,    10,   768,  7680,[     0,     0], 36680
     Src_Flow [     0,     1,     1,     1] [     0,     0,     0]***[    10,   768,     1,     1] [    10,    10,  7680]***[     0,     1,     1,     1] [     0,     0,     0]***[2]
     Snk_Flow [     0,     1,     1,     1] [     0,     0,     0]***[    10,   768,     1,     1] [    10,    10,     0]***[     0,     1,     1,     1] [     0,     0,     0]***[2]
 LINK_P                         5502927024  :  [2,1,1,1]
    FM_IN_PART     <48> (PP,U8b)[ 1, 1,    0, 1]:  L2( 0),   870,   870,   256,222848,[  0,  0],     0 |||| FM_FULL        <47> ( L,U8b)[ 1, 1,    0, 1]: MSMC( 0),   960,   871,   256,245888,[    30,     0],    62
    COEFF_IN_FINAL  <51> ( L,S8b)[ 1, 1,    0, 1]:  L2( 0),    10,    10,   768,  7680,[  0,  0], 36680
     Src_Flow [     0,     1,     1,     1] [     0,     0,     0]***[   871,   256,     1,     1] [   870,111360,     0]***[     0,     1,     1,     1] [     0,     0,     0]***[2]
    Src2_Flow [     0,     1,     1,     1] [     0,     0,     0]***[    10,   768,     1,     1] [    10,  7680,     0]***[     0,     1,     1,     1] [     0,     0,     0]***[2]
     Snk_Flow [     0,     1,     1,     1] [     0,     0,     0]***[   812,   256,     1,     1] [   960,   812,245760]***[     0,     1,     1,     1] [     0,     0,     0]***[2]
Padding Info [Row, Col]: Actual  IN -> OUT : [ 1,  1] -> [ 1,  1],  To fill zero OUT: [ 0,  0], Virtual Pad(T,L,B,R): [ 0,  0,  0,  0]

 ------------- 12( 0, 12, 0, 4, 0) [256 x 28 x  28] => [256 x 28 x  28] | TIDL_ConvolutionLayer
 LINK_X_FM_IN_FULL_TO_PART      5905580224  :  [1,2,1,1]
    FM_FULL        <47> ( L,U8b)[ 2, 1,    0, 1]: MSMC( 0),   960,   871,   256,245888,[ 30,  0],    62 |||| FM_IN_PART     <53> ( L,U8b)[ 2, 1,    0, 1]:  L2( 0),  1344,  1344,   256,344064,[     0,     0],     0
     Src_Flow [     0,     1,     1,     1] [     0,     0,     0]***[   640,   256,     1,     1] [   960,   640,245760]***[   172,   256,     1,     1] [   960,   640,     0]***[2]
     Snk_Flow [     0,     1,     1,     1] [     0,     0,     0]***[   640,   256,     1,     1] [  1344,   640,     0]***[   172,   256,     1,     1] [  1344,   640,     0]***[2]
 LINK_X_COEFF_IN_ANY_TO_FINAL   5955911872  :  [1,1,1,1]
    COEFF_IN_STAGE <55> ( L,S8b)[ 1, 1,    0, 1]: MSMC( 0),   320,   257,   256, 81920,[  0,  0],552d80 |||| COEFF_IN_FINAL <56> ( L,S8b)[ 1, 1,    0, 1]:  L2( 0),   320,   257,   256, 81920,[     0,     0], 54000
     Src_Flow [     0,     1,     1,     1] [     0,     0,     0]***[   257,   256,     1,     1] [   320,   257, 81920]***[     0,     1,     1,     1] [     0,     0,     0]***[2]
     Snk_Flow [     0,     1,     1,     1] [     0,     0,     0]***[   257,   256,     1,     1] [   320,   257,     0]***[     0,     1,     1,     1] [     0,     0,     0]***[2]
 LINK_P                         6039797952  :  [2,2,1,1]
    FM_IN_PART     <53> ( L,U8b)[ 2, 1,    0, 1]:  L2( 0),  1344,  1344,   256,344064,[  0,  0],     0 |||| FM_FULL        <52> ( L,U8b)[ 2, 1,    0, 1]: MSMC( 0),   960,   871,   256,245888,[    30,     0],    62
    COEFF_IN_FINAL  <56> ( L,S8b)[ 1, 1,    0, 1]:  L2( 0),   320,   257,   256, 81920,[  0,  0], 54000
     Src_Flow [     0,     1,     1,     1] [     0,     0,     0]***[   640,   256,     1,     1] [  1344,   640,     0]***[   172,   256,     1,     1] [  1344,   640,     0]***[2]
    Src2_Flow [     0,     1,     1,     1] [     0,     0,     0]***[   257,   256,     1,     1] [   320, 81920,     0]***[     0,     1,     1,     1] [     0,     0,     0]***[2]
     Snk_Flow [     0,     1,     1,     1] [     0,     0,     0]***[   640,   256,     1,     1] [   960,   640,245760]***[   172,   256,     1,     1] [   960,   640,     0]***[2]
Padding Info [Row, Col]: Actual  IN -> OUT : [ 1,  1] -> [ 1,  1],  To fill zero OUT: [ 0,  0], Virtual Pad(T,L,B,R): [ 0,  0,  0,  0]

 ------------- 13( 0, 13, 0, 3, 0) [256 x 28 x  28] => [256 x 14 x  14] | TIDL_ConvolutionLayer
 LINK_X_FM_IN_FULL_TO_PART      6442451152  :  [1,1,1,1]
    FM_FULL        <52> ( L,U8b)[ 1, 1,    0, 1]: MSMC( 0),   960,   871,   256,245888,[ 30,  0],    62 |||| FM_IN_PART     <58> (PP,U8b)[ 1, 1,    0, 1]:  L2( 0),   870,   870,   256,222848,[     0,     0],     0
     Src_Flow [     0,     1,     1,     1] [     0,     0,     0]***[   870,   256,     1,     1] [   960,   870,245760]***[     0,     1,     1,     1] [     0,     0,     0]***[2]
     Snk_Flow [     0,     1,     1,     1] [     0,     0,     0]***[   870,   256,     1,     1] [   870,111360,     0]***[     0,     1,     1,     1] [     0,     0,     0]***[2]
 LINK_X_COEFF_IN_ANY_TO_FINAL   6492782800  :  [1,1,1,1]
    COEFF_IN_STAGE <60> ( L,S8b)[ 1, 1,    0, 1]: MSMC( 0),    10,    10,   768,  7680,[  0,  0],59eb80 |||| COEFF_IN_FINAL <61> ( L,S8b)[ 1, 1,    0, 1]:  L2( 0),    10,    10,   768,  7680,[     0,     0], 36680
     Src_Flow [     0,     1,     1,     1] [     0,     0,     0]***[    10,   768,     1,     1] [    10,    10,  7680]***[     0,     1,     1,     1] [     0,     0,     0]***[2]
     Snk_Flow [     0,     1,     1,     1] [     0,     0,     0]***[    10,   768,     1,     1] [    10,    10,     0]***[     0,     1,     1,     1] [     0,     0,     0]***[2]
 LINK_P                         6576668880  :  [2,1,1,1]
    FM_IN_PART     <58> (PP,U8b)[ 1, 1,    0, 1]:  L2( 0),   870,   870,   256,222848,[  0,  0],     0 |||| FM_FULL        <57> ( L,U8b)[ 1, 1,    0, 1]: MSMC( 0),   320,   241,   256, 82048,[    16,     0],    70
    COEFF_IN_FINAL  <61> ( L,S8b)[ 1, 1,    0, 1]:  L2( 0),    10,    10,   768,  7680,[  0,  0], 36680
     Src_Flow [     0,     1,     1,     1] [     0,     0,     0]***[   870,   256,     1,     1] [   870,111360,     0]***[     0,     1,     1,     1] [     0,     0,     0]***[2]
    Src2_Flow [     0,     1,     1,     1] [     0,     0,     0]***[    10,   768,     1,     1] [    10,  7680,     0]***[     0,     1,     1,     1] [     0,     0,     0]***[2]
     Snk_Flow [     0,     1,     1,     1] [     0,     0,     0]***[   210,   256,     1,     1] [   320,   210, 81920]***[     0,     1,     1,     1] [     0,     0,     0]***[2]
Padding Info [Row, Col]: Actual  IN -> OUT : [ 1,  1] -> [ 1,  1],  To fill zero OUT: [ 0,  0], Virtual Pad(T,L,B,R): [ 0,  0,  0,  0]

 ------------- 14( 0, 14, 0, 3, 0) [256 x 14 x  14] => [512 x 14 x  14] | TIDL_ConvolutionLayer
 LINK_X_FM_IN_FULL_TO_PART      6979322080  :  [1,1,1,1]
    FM_FULL        <57> ( L,U8b)[ 1, 1,    0, 1]: MSMC( 0),   320,   241,   256, 82048,[ 16,  0],    70 |||| FM_IN_PART     <63> ( L,U8b)[ 1, 1,    0, 1]:  L2( 0),   320,   320,   256, 81920,[     0,     0],     0
     Src_Flow [     0,     1,     1,     1] [     0,     0,     0]***[   210,   256,     1,     1] [   320,   210, 81920]***[     0,     1,     1,     1] [     0,     0,     0]***[2]
     Snk_Flow [     0,     1,     1,     1] [     0,     0,     0]***[   210,   256,     1,     1] [   320,   210,     0]***[     0,     1,     1,     1] [     0,     0,     0]***[2]
 LINK_X_COEFF_IN_ANY_TO_FINAL   7029653728  :  [1,1,1,1]
    COEFF_IN_STAGE <65> ( L,S8b)[ 1, 1,    0, 1]: MSMC( 0),   320,   257,   512,163840,[  0,  0],52ad80 |||| COEFF_IN_FINAL <66> ( L,S8b)[ 1, 1,    0, 1]:  L2( 0),   320,   257,   512,163840,[     0,     0], 14000
     Src_Flow [     0,     1,     1,     1] [     0,     0,     0]***[   257,   512,     1,     1] [   320,   257,163840]***[     0,     1,     1,     1] [     0,     0,     0]***[2]
     Snk_Flow [     0,     1,     1,     1] [     0,     0,     0]***[   257,   512,     1,     1] [   320,   257,     0]***[     0,     1,     1,     1] [     0,     0,     0]***[2]
 LINK_P                         7113539808  :  [2,1,1,1]
    FM_IN_PART     <63> ( L,U8b)[ 1, 1,    0, 1]:  L2( 0),   320,   320,   256, 81920,[  0,  0],     0 |||| FM_FULL        <62> ( L,U8b)[ 1, 1,    0, 1]: MSMC( 0),   320,   241,   512,163968,[    16,     0],    70
    COEFF_IN_FINAL  <66> ( L,S8b)[ 1, 1,    0, 1]:  L2( 0),   320,   257,   512,163840,[  0,  0], 14000
     Src_Flow [     0,     1,     1,     1] [     0,     0,     0]***[   210,   256,     1,     1] [   320,   210,     0]***[     0,     1,     1,     1] [     0,     0,     0]***[2]
    Src2_Flow [     0,     1,     1,     1] [     0,     0,     0]***[   257,   512,     1,     1] [   320,163840,     0]***[     0,     1,     1,     1] [     0,     0,     0]***[2]
     Snk_Flow [     0,     1,     1,     1] [     0,     0,     0]***[   210,   512,     1,     1] [   320,   210,163840]***[     0,     1,     1,     1] [     0,     0,     0]***[2]
Padding Info [Row, Col]: Actual  IN -> OUT : [ 1,  1] -> [ 1,  1],  To fill zero OUT: [ 1,  0], Virtual Pad(T,L,B,R): [ 0,  0,  0,  0]

 ------------- 15( 0, 15, 0, 3, 0) [512 x 14 x  14] => [512 x 14 x  14] | TIDL_ConvolutionLayer
 LINK_X_FM_IN_FULL_TO_PART      7516193008  :  [1,1,1,1]
    FM_FULL        <62> ( L,U8b)[ 1, 1,    0, 1]: MSMC( 0),   320,   241,   512,163968,[  0,  0],    70 |||| FM_IN_PART     <68> (PP,U8b)[ 1, 1,    0, 1]:  L2( 0),   240,   240,   512,123008,[     0,     0],     0
     Src_Flow [     0,     1,     1,     1] [     0,     0,     0]***[   241,   512,     1,     1] [   320,   241,163840]***[     0,     1,     1,     1] [     0,     0,     0]***[2]
     Snk_Flow [     0,     1,     1,     1] [     0,     0,     0]***[   241,   512,     1,     1] [   240, 61440,     0]***[     0,     1,     1,     1] [     0,     0,     0]***[2]
 LINK_X_COEFF_IN_ANY_TO_FINAL   7566524656  :  [1,1,1,1]
    COEFF_IN_STAGE <70> ( L,S8b)[ 1, 1,    0, 1]: MSMC( 0),    10,    10,  1536, 15360,[  0,  0],595580 |||| COEFF_IN_FINAL <71> ( L,S8b)[ 1, 1,    0, 1]:  L2( 0),    10,    10,  1536, 15360,[     0,     0], 1e080
     Src_Flow [     0,     1,     1,     1] [     0,     0,     0]***[    10,  1536,     1,     1] [    10,    10, 15360]***[     0,     1,     1,     1] [     0,     0,     0]***[2]
     Snk_Flow [     0,     1,     1,     1] [     0,     0,     0]***[    10,  1536,     1,     1] [    10,    10,     0]***[     0,     1,     1,     1] [     0,     0,     0]***[2]
 LINK_P                         7650410736  :  [2,1,1,1]
    FM_IN_PART     <68> (PP,U8b)[ 1, 1,    0, 1]:  L2( 0),   240,   240,   512,123008,[  0,  0],     0 |||| FM_FULL        <67> ( L,U8b)[ 1, 1,    0, 1]: MSMC( 0),   320,   241,   512,163968,[    16,     0],    70
    COEFF_IN_FINAL  <71> ( L,S8b)[ 1, 1,    0, 1]:  L2( 0),    10,    10,  1536, 15360,[  0,  0], 1e080
     Src_Flow [     0,     1,     1,     1] [     0,     0,     0]***[   241,   512,     1,     1] [   240, 61440,     0]***[     0,     1,     1,     1] [     0,     0,     0]***[2]
    Src2_Flow [     0,     1,     1,     1] [     0,     0,     0]***[    10,  1536,     1,     1] [    10, 15360,     0]***[     0,     1,     1,     1] [     0,     0,     0]***[2]
     Snk_Flow [     0,     1,     1,     1] [     0,     0,     0]***[   210,   512,     1,     1] [   320,   210,163840]***[     0,     1,     1,     1] [     0,     0,     0]***[2]
Padding Info [Row, Col]: Actual  IN -> OUT : [ 1,  1] -> [ 1,  1],  To fill zero OUT: [ 0,  0], Virtual Pad(T,L,B,R): [ 0,  0,  0,  0]

 ------------- 16( 0, 16, 0, 6, 0) [512 x 14 x  14] => [512 x 14 x  14] | TIDL_ConvolutionLayer
 LINK_X_FM_IN_FULL_TO_PART      8053063936  :  [1,4,1,1]
    FM_FULL        <67> ( L,U8b)[ 4, 1,    0, 1]: MSMC( 0),   320,   241,   512,163968,[ 16,  0],    70 |||| FM_IN_PART     <73> ( L,U8b)[ 4, 1,    0, 1]:  L2( 0),   192,   192,   512, 98432,[     0,     0],     0
     Src_Flow [     0,     1,     1,     1] [     0,     0,     0]***[    64,   512,     3,     1] [   320,    64,163840]***[    18,   512,     1,     1] [   320,    64,     0]***[2]
     Snk_Flow [     0,     1,     1,     1] [     0,     0,     0]***[    64,   512,     3,     1] [   192,    64,     0]***[    18,   512,     1,     1] [   192,    64,     0]***[2]
 LINK_X_COEFF_IN_ANY_TO_FINAL   8103395584  :  [1,1,1,1]
    COEFF_IN_STAGE <75> ( L,S8b)[ 1, 1,    0, 1]: MSMC( 0),   576,   513,   512,294912,[  0,  0],452d80 |||| COEFF_IN_FINAL <76> ( L,S8b)[ 1, 1,    0, 1]:  L2( 0),   576,   513,   512,294912,[     0,     0], 18080
     Src_Flow [     0,     1,     1,     1] [     0,     0,     0]***[   513,   512,     1,     1] [   576,   513,294912]***[     0,     1,     1,     1] [     0,     0,     0]***[2]
     Snk_Flow [     0,     1,     1,     1] [     0,     0,     0]***[   513,   512,     1,     1] [   576,   513,     0]***[     0,     1,     1,     1] [     0,     0,     0]***[2]
 LINK_P                         8187281664  :  [2,4,1,1]
    FM_IN_PART     <73> ( L,U8b)[ 4, 1,    0, 1]:  L2( 0),   192,   192,   512, 98432,[  0,  0],     0 |||| FM_FULL        <72> ( L,U8b)[ 4, 1,    0, 1]: MSMC( 0),   320,   241,   512,163968,[    16,     0], 280f0
    COEFF_IN_FINAL  <76> ( L,S8b)[ 1, 1,    0, 1]:  L2( 0),   576,   513,   512,294912,[  0,  0], 18080
     Src_Flow [     0,     1,     1,     1] [     0,     0,     0]***[    64,   512,     3,     1] [   192,    64,     0]***[    18,   512,     1,     1] [   192,    64,     0]***[2]
    Src2_Flow [     0,     1,     1,     1] [     0,     0,     0]***[   513,   512,     1,     1] [   576,294912,     0]***[     0,     1,     1,     1] [     0,     0,     0]***[2]
     Snk_Flow [     0,     1,     1,     1] [     0,     0,     0]***[    64,   512,     3,     1] [   320,    64,163840]***[    18,   512,     1,     1] [   320,    64,     0]***[2]
Padding Info [Row, Col]: Actual  IN -> OUT : [ 1,  1] -> [ 1,  1],  To fill zero OUT: [ 1,  0], Virtual Pad(T,L,B,R): [ 0,  0,  0,  0]

 ------------- 17( 0, 17, 0, 3, 0) [512 x 14 x  14] => [512 x 14 x  14] | TIDL_ConvolutionLayer
 LINK_X_FM_IN_FULL_TO_PART      8589934864  :  [1,1,1,1]
    FM_FULL        <72> ( L,U8b)[ 1, 1,    0, 1]: MSMC( 0),   320,   241,   512,163968,[  0,  0], 280f0 |||| FM_IN_PART     <78> (PP,U8b)[ 1, 1,    0, 1]:  L2( 0),   240,   240,   512,123008,[     0,     0],     0
     Src_Flow [     0,     1,     1,     1] [     0,     0,     0]***[   241,   512,     1,     1] [   320,   241,163840]***[     0,     1,     1,     1] [     0,     0,     0]***[2]
     Snk_Flow [     0,     1,     1,     1] [     0,     0,     0]***[   241,   512,     1,     1] [   240, 61440,     0]***[     0,     1,     1,     1] [     0,     0,     0]***[2]
 LINK_X_COEFF_IN_ANY_TO_FINAL   8640266512  :  [1,1,1,1]
    COEFF_IN_STAGE <80> ( L,S8b)[ 1, 1,    0, 1]: MSMC( 0),    10,    10,  1536, 15360,[  0,  0],58dd80 |||| COEFF_IN_FINAL <81> ( L,S8b)[ 1, 1,    0, 1]:  L2( 0),    10,    10,  1536, 15360,[     0,     0], 1e080
     Src_Flow [     0,     1,     1,     1] [     0,     0,     0]***[    10,  1536,     1,     1] [    10,    10, 15360]***[     0,     1,     1,     1] [     0,     0,     0]***[2]
     Snk_Flow [     0,     1,     1,     1] [     0,     0,     0]***[    10,  1536,     1,     1] [    10,    10,     0]***[     0,     1,     1,     1] [     0,     0,     0]***[2]
 LINK_P                         8724152592  :  [2,1,1,1]
    FM_IN_PART     <78> (PP,U8b)[ 1, 1,    0, 1]:  L2( 0),   240,   240,   512,123008,[  0,  0],     0 |||| FM_FULL        <77> ( L,U8b)[ 1, 1,    0, 1]: MSMC( 0),   320,   241,   512,163968,[    16,     0],    70
    COEFF_IN_FINAL  <81> ( L,S8b)[ 1, 1,    0, 1]:  L2( 0),    10,    10,  1536, 15360,[  0,  0], 1e080
     Src_Flow [     0,     1,     1,     1] [     0,     0,     0]***[   241,   512,     1,     1] [   240, 61440,     0]***[     0,     1,     1,     1] [     0,     0,     0]***[2]
    Src2_Flow [     0,     1,     1,     1] [     0,     0,     0]***[    10,  1536,     1,     1] [    10, 15360,     0]***[     0,     1,     1,     1] [     0,     0,     0]***[2]
     Snk_Flow [     0,     1,     1,     1] [     0,     0,     0]***[   210,   512,     1,     1] [   320,   210,163840]***[     0,     1,     1,     1] [     0,     0,     0]***[2]
Padding Info [Row, Col]: Actual  IN -> OUT : [ 1,  1] -> [ 1,  1],  To fill zero OUT: [ 0,  0], Virtual Pad(T,L,B,R): [ 0,  0,  0,  0]

 ------------- 18( 0, 18, 0, 6, 0) [512 x 14 x  14] => [512 x 14 x  14] | TIDL_ConvolutionLayer
 LINK_X_FM_IN_FULL_TO_PART      9126805792  :  [1,4,1,1]
    FM_FULL        <77> ( L,U8b)[ 4, 1,    0, 1]: MSMC( 0),   320,   241,   512,163968,[ 16,  0],    70 |||| FM_IN_PART     <83> ( L,U8b)[ 4, 1,    0, 1]:  L2( 0),   192,   192,   512, 98432,[     0,     0],     0
     Src_Flow [     0,     1,     1,     1] [     0,     0,     0]***[    64,   512,     3,     1] [   320,    64,163840]***[    18,   512,     1,     1] [   320,    64,     0]***[2]
     Snk_Flow [     0,     1,     1,     1] [     0,     0,     0]***[    64,   512,     3,     1] [   192,    64,     0]***[    18,   512,     1,     1] [   192,    64,     0]***[2]
 LINK_X_COEFF_IN_ANY_TO_FINAL   9177137440  :  [1,1,1,1]
    COEFF_IN_STAGE <85> ( L,S8b)[ 1, 1,    0, 1]: MSMC( 0),   576,   513,   512,294912,[  0,  0],49ad80 |||| COEFF_IN_FINAL <86> ( L,S8b)[ 1, 1,    0, 1]:  L2( 0),   576,   513,   512,294912,[     0,     0], 18080
     Src_Flow [     0,     1,     1,     1] [     0,     0,     0]***[   513,   512,     1,     1] [   576,   513,294912]***[     0,     1,     1,     1] [     0,     0,     0]***[2]
     Snk_Flow [     0,     1,     1,     1] [     0,     0,     0]***[   513,   512,     1,     1] [   576,   513,     0]***[     0,     1,     1,     1] [     0,     0,     0]***[2]
 LINK_P                         9261023520  :  [2,4,1,1]
    FM_IN_PART     <83> ( L,U8b)[ 4, 1,    0, 1]:  L2( 0),   192,   192,   512, 98432,[  0,  0],     0 |||| FM_FULL        <82> ( L,U8b)[ 4, 1,    0, 1]: MSMC( 0),   320,   241,   512,163968,[    16,     0], 280f0
    COEFF_IN_FINAL  <86> ( L,S8b)[ 1, 1,    0, 1]:  L2( 0),   576,   513,   512,294912,[  0,  0], 18080
     Src_Flow [     0,     1,     1,     1] [     0,     0,     0]***[    64,   512,     3,     1] [   192,    64,     0]***[    18,   512,     1,     1] [   192,    64,     0]***[2]
    Src2_Flow [     0,     1,     1,     1] [     0,     0,     0]***[   513,   512,     1,     1] [   576,294912,     0]***[     0,     1,     1,     1] [     0,     0,     0]***[2]
     Snk_Flow [     0,     1,     1,     1] [     0,     0,     0]***[    64,   512,     3,     1] [   320,    64,163840]***[    18,   512,     1,     1] [   320,    64,     0]***[2]
Padding Info [Row, Col]: Actual  IN -> OUT : [ 1,  1] -> [ 1,  1],  To fill zero OUT: [ 1,  0], Virtual Pad(T,L,B,R): [ 0,  0,  0,  0]

 ------------- 19( 0, 19, 0, 3, 0) [512 x 14 x  14] => [512 x 14 x  14] | TIDL_ConvolutionLayer
 LINK_X_FM_IN_FULL_TO_PART      9663676720  :  [1,1,1,1]
    FM_FULL        <82> ( L,U8b)[ 1, 1,    0, 1]: MSMC( 0),   320,   241,   512,163968,[  0,  0], 280f0 |||| FM_IN_PART     <88> (PP,U8b)[ 1, 1,    0, 1]:  L2( 0),   240,   240,   512,123008,[     0,     0],     0
     Src_Flow [     0,     1,     1,     1] [     0,     0,     0]***[   241,   512,     1,     1] [   320,   241,163840]***[     0,     1,     1,     1] [     0,     0,     0]***[2]
     Snk_Flow [     0,     1,     1,     1] [     0,     0,     0]***[   241,   512,     1,     1] [   240, 61440,     0]***[     0,     1,     1,     1] [     0,     0,     0]***[2]
 LINK_X_COEFF_IN_ANY_TO_FINAL   9714008368  :  [1,1,1,1]
    COEFF_IN_STAGE <90> ( L,S8b)[ 1, 1,    0, 1]: MSMC( 0),    10,    10,  1536, 15360,[  0,  0],586580 |||| COEFF_IN_FINAL <91> ( L,S8b)[ 1, 1,    0, 1]:  L2( 0),    10,    10,  1536, 15360,[     0,     0], 1e080
     Src_Flow [     0,     1,     1,     1] [     0,     0,     0]***[    10,  1536,     1,     1] [    10,    10, 15360]***[     0,     1,     1,     1] [     0,     0,     0]***[2]
     Snk_Flow [     0,     1,     1,     1] [     0,     0,     0]***[    10,  1536,     1,     1] [    10,    10,     0]***[     0,     1,     1,     1] [     0,     0,     0]***[2]
 LINK_P                         9797894448  :  [2,1,1,1]
    FM_IN_PART     <88> (PP,U8b)[ 1, 1,    0, 1]:  L2( 0),   240,   240,   512,123008,[  0,  0],     0 |||| FM_FULL        <87> ( L,U8b)[ 1, 1,    0, 1]: MSMC( 0),   320,   241,   512,163968,[    16,     0],    70
    COEFF_IN_FINAL  <91> ( L,S8b)[ 1, 1,    0, 1]:  L2( 0),    10,    10,  1536, 15360,[  0,  0], 1e080
     Src_Flow [     0,     1,     1,     1] [     0,     0,     0]***[   241,   512,     1,     1] [   240, 61440,     0]***[     0,     1,     1,     1] [     0,     0,     0]***[2]
    Src2_Flow [     0,     1,     1,     1] [     0,     0,     0]***[    10,  1536,     1,     1] [    10, 15360,     0]***[     0,     1,     1,     1] [     0,     0,     0]***[2]
     Snk_Flow [     0,     1,     1,     1] [     0,     0,     0]***[   210,   512,     1,     1] [   320,   210,163840]***[     0,     1,     1,     1] [     0,     0,     0]***[2]
Padding Info [Row, Col]: Actual  IN -> OUT : [ 1,  1] -> [ 1,  1],  To fill zero OUT: [ 0,  0], Virtual Pad(T,L,B,R): [ 0,  0,  0,  0]

 ------------- 20( 0, 20, 0, 6, 0) [512 x 14 x  14] => [512 x 14 x  14] | TIDL_ConvolutionLayer
 LINK_X_FM_IN_FULL_TO_PART      10200547648 :  [1,4,1,1]
    FM_FULL        <87> ( L,U8b)[ 4, 1,    0, 1]: MSMC( 0),   320,   241,   512,163968,[ 16,  0],    70 |||| FM_IN_PART     <93> ( L,U8b)[ 4, 1,    0, 1]:  L2( 0),   192,   192,   512, 98432,[     0,     0],     0
     Src_Flow [     0,     1,     1,     1] [     0,     0,     0]***[    64,   512,     3,     1] [   320,    64,163840]***[    18,   512,     1,     1] [   320,    64,     0]***[2]
     Snk_Flow [     0,     1,     1,     1] [     0,     0,     0]***[    64,   512,     3,     1] [   192,    64,     0]***[    18,   512,     1,     1] [   192,    64,     0]***[2]
 LINK_X_COEFF_IN_ANY_TO_FINAL   10250879296 :  [1,1,1,1]
    COEFF_IN_STAGE <95> ( L,S8b)[ 1, 1,    0, 1]: MSMC( 0),   576,   513,   512,294912,[  0,  0],4e2d80 |||| COEFF_IN_FINAL <96> ( L,S8b)[ 1, 1,    0, 1]:  L2( 0),   576,   513,   512,294912,[     0,     0], 18080
     Src_Flow [     0,     1,     1,     1] [     0,     0,     0]***[   513,   512,     1,     1] [   576,   513,294912]***[     0,     1,     1,     1] [     0,     0,     0]***[2]
     Snk_Flow [     0,     1,     1,     1] [     0,     0,     0]***[   513,   512,     1,     1] [   576,   513,     0]***[     0,     1,     1,     1] [     0,     0,     0]***[2]
 LINK_P                         10334765376 :  [2,4,1,1]
    FM_IN_PART     <93> ( L,U8b)[ 4, 1,    0, 1]:  L2( 0),   192,   192,   512, 98432,[  0,  0],     0 |||| FM_FULL        <92> ( L,U8b)[ 4, 1,    0, 1]: MSMC( 0),   320,   241,   512,163968,[    16,     0], 280f0
    COEFF_IN_FINAL  <96> ( L,S8b)[ 1, 1,    0, 1]:  L2( 0),   576,   513,   512,294912,[  0,  0], 18080
     Src_Flow [     0,     1,     1,     1] [     0,     0,     0]***[    64,   512,     3,     1] [   192,    64,     0]***[    18,   512,     1,     1] [   192,    64,     0]***[2]
    Src2_Flow [     0,     1,     1,     1] [     0,     0,     0]***[   513,   512,     1,     1] [   576,294912,     0]***[     0,     1,     1,     1] [     0,     0,     0]***[2]
     Snk_Flow [     0,     1,     1,     1] [     0,     0,     0]***[    64,   512,     3,     1] [   320,    64,163840]***[    18,   512,     1,     1] [   320,    64,     0]***[2]
Padding Info [Row, Col]: Actual  IN -> OUT : [ 1,  1] -> [ 1,  1],  To fill zero OUT: [ 1,  0], Virtual Pad(T,L,B,R): [ 0,  0,  0,  0]

 ------------- 21( 0, 21, 0, 3, 0) [512 x 14 x  14] => [512 x 14 x  14] | TIDL_ConvolutionLayer
 LINK_X_FM_IN_FULL_TO_PART      10737418576 :  [1,1,1,1]
    FM_FULL        <92> ( L,U8b)[ 1, 1,    0, 1]: MSMC( 0),   320,   241,   512,163968,[  0,  0], 280f0 |||| FM_IN_PART     <98> (PP,U8b)[ 1, 1,    0, 1]:  L2( 0),   240,   240,   512,123008,[     0,     0],     0
     Src_Flow [     0,     1,     1,     1] [     0,     0,     0]***[   241,   512,     1,     1] [   320,   241,163840]***[     0,     1,     1,     1] [     0,     0,     0]***[2]
     Snk_Flow [     0,     1,     1,     1] [     0,     0,     0]***[   241,   512,     1,     1] [   240, 61440,     0]***[     0,     1,     1,     1] [     0,     0,     0]***[2]
 LINK_X_COEFF_IN_ANY_TO_FINAL   10787750224 :  [1,1,1,1]
    COEFF_IN_STAGE <100> ( L,S8b)[ 1, 1,    0, 1]: MSMC( 0),    10,    10,  1536, 15360,[  0,  0],591980 |||| COEFF_IN_FINAL <101> ( L,S8b)[ 1, 1,    0, 1]:  L2( 0),    10,    10,  1536, 15360,[     0,     0], 1e080
     Src_Flow [     0,     1,     1,     1] [     0,     0,     0]***[    10,  1536,     1,     1] [    10,    10, 15360]***[     0,     1,     1,     1] [     0,     0,     0]***[2]
     Snk_Flow [     0,     1,     1,     1] [     0,     0,     0]***[    10,  1536,     1,     1] [    10,    10,     0]***[     0,     1,     1,     1] [     0,     0,     0]***[2]
 LINK_P                         10871636304 :  [2,1,1,1]
    FM_IN_PART     <98> (PP,U8b)[ 1, 1,    0, 1]:  L2( 0),   240,   240,   512,123008,[  0,  0],     0 |||| FM_FULL        <97> ( L,U8b)[ 1, 1,    0, 1]: MSMC( 0),   320,   241,   512,163968,[    16,     0],    70
    COEFF_IN_FINAL  <101> ( L,S8b)[ 1, 1,    0, 1]:  L2( 0),    10,    10,  1536, 15360,[  0,  0], 1e080
     Src_Flow [     0,     1,     1,     1] [     0,     0,     0]***[   241,   512,     1,     1] [   240, 61440,     0]***[     0,     1,     1,     1] [     0,     0,     0]***[2]
    Src2_Flow [     0,     1,     1,     1] [     0,     0,     0]***[    10,  1536,     1,     1] [    10, 15360,     0]***[     0,     1,     1,     1] [     0,     0,     0]***[2]
     Snk_Flow [     0,     1,     1,     1] [     0,     0,     0]***[   210,   512,     1,     1] [   320,   210,163840]***[     0,     1,     1,     1] [     0,     0,     0]***[2]
Padding Info [Row, Col]: Actual  IN -> OUT : [ 1,  1] -> [ 1,  1],  To fill zero OUT: [ 0,  0], Virtual Pad(T,L,B,R): [ 0,  0,  0,  0]

 ------------- 22( 0, 22, 0, 6, 0) [512 x 14 x  14] => [512 x 14 x  14] | TIDL_ConvolutionLayer
 LINK_X_FM_IN_FULL_TO_PART      11274289504 :  [1,4,1,1]
    FM_FULL        <97> ( L,U8b)[ 4, 1,    0, 1]: MSMC( 0),   320,   241,   512,163968,[ 16,  0],    70 |||| FM_IN_PART     <103> ( L,U8b)[ 4, 1,    0, 1]:  L2( 0),   192,   192,   512, 98432,[     0,     0],     0
     Src_Flow [     0,     1,     1,     1] [     0,     0,     0]***[    64,   512,     3,     1] [   320,    64,163840]***[    18,   512,     1,     1] [   320,    64,     0]***[2]
     Snk_Flow [     0,     1,     1,     1] [     0,     0,     0]***[    64,   512,     3,     1] [   192,    64,     0]***[    18,   512,     1,     1] [   192,    64,     0]***[2]
 LINK_X_COEFF_IN_ANY_TO_FINAL   11324621152 :  [1,1,1,1]
    COEFF_IN_STAGE <105> ( L,S8b)[ 1, 1,    0, 1]: MSMC( 0),   576,   513,   512,294912,[  0,  0],3c2d80 |||| COEFF_IN_FINAL <106> ( L,S8b)[ 1, 1,    0, 1]:  L2( 0),   576,   513,   512,294912,[     0,     0], 18080
     Src_Flow [     0,     1,     1,     1] [     0,     0,     0]***[   513,   512,     1,     1] [   576,   513,294912]***[     0,     1,     1,     1] [     0,     0,     0]***[2]
     Snk_Flow [     0,     1,     1,     1] [     0,     0,     0]***[   513,   512,     1,     1] [   576,   513,     0]***[     0,     1,     1,     1] [     0,     0,     0]***[2]
 LINK_P                         11408507232 :  [2,4,1,1]
    FM_IN_PART     <103> ( L,U8b)[ 4, 1,    0, 1]:  L2( 0),   192,   192,   512, 98432,[  0,  0],     0 |||| FM_FULL        <102> ( L,U8b)[ 4, 1,    0, 1]: MSMC( 0),   320,   241,   512,163968,[    16,     0], 280f0
    COEFF_IN_FINAL  <106> ( L,S8b)[ 1, 1,    0, 1]:  L2( 0),   576,   513,   512,294912,[  0,  0], 18080
     Src_Flow [     0,     1,     1,     1] [     0,     0,     0]***[    64,   512,     3,     1] [   192,    64,     0]***[    18,   512,     1,     1] [   192,    64,     0]***[2]
    Src2_Flow [     0,     1,     1,     1] [     0,     0,     0]***[   513,   512,     1,     1] [   576,294912,     0]***[     0,     1,     1,     1] [     0,     0,     0]***[2]
     Snk_Flow [     0,     1,     1,     1] [     0,     0,     0]***[    64,   512,     3,     1] [   320,    64,163840]***[    18,   512,     1,     1] [   320,    64,     0]***[2]
Padding Info [Row, Col]: Actual  IN -> OUT : [ 1,  1] -> [ 1,  1],  To fill zero OUT: [ 1,  0], Virtual Pad(T,L,B,R): [ 0,  0,  0,  0]

 ------------- 23( 0, 23, 0, 3, 0) [512 x 14 x  14] => [512 x 14 x  14] | TIDL_ConvolutionLayer
 LINK_X_FM_IN_FULL_TO_PART      11811160432 :  [1,1,1,1]
    FM_FULL        <102> ( L,U8b)[ 1, 1,    0, 1]: MSMC( 0),   320,   241,   512,163968,[  0,  0], 280f0 |||| FM_IN_PART     <108> (PP,U8b)[ 1, 1,    0, 1]:  L2( 0),   240,   240,   512,123008,[     0,     0],     0
     Src_Flow [     0,     1,     1,     1] [     0,     0,     0]***[   241,   512,     1,     1] [   320,   241,163840]***[     0,     1,     1,     1] [     0,     0,     0]***[2]
     Snk_Flow [     0,     1,     1,     1] [     0,     0,     0]***[   241,   512,     1,     1] [   240, 61440,     0]***[     0,     1,     1,     1] [     0,     0,     0]***[2]
 LINK_X_COEFF_IN_ANY_TO_FINAL   11861492080 :  [1,1,1,1]
    COEFF_IN_STAGE <110> ( L,S8b)[ 1, 1,    0, 1]: MSMC( 0),    10,    10,  1536, 15360,[  0,  0],599180 |||| COEFF_IN_FINAL <111> ( L,S8b)[ 1, 1,    0, 1]:  L2( 0),    10,    10,  1536, 15360,[     0,     0], 1e080
     Src_Flow [     0,     1,     1,     1] [     0,     0,     0]***[    10,  1536,     1,     1] [    10,    10, 15360]***[     0,     1,     1,     1] [     0,     0,     0]***[2]
     Snk_Flow [     0,     1,     1,     1] [     0,     0,     0]***[    10,  1536,     1,     1] [    10,    10,     0]***[     0,     1,     1,     1] [     0,     0,     0]***[2]
 LINK_P                         11945378160 :  [2,1,1,1]
    FM_IN_PART     <108> (PP,U8b)[ 1, 1,    0, 1]:  L2( 0),   240,   240,   512,123008,[  0,  0],     0 |||| FM_FULL        <107> ( L,U8b)[ 1, 1,    0, 1]: MSMC( 0),   320,   241,   512,163968,[    16,     0],    70
    COEFF_IN_FINAL  <111> ( L,S8b)[ 1, 1,    0, 1]:  L2( 0),    10,    10,  1536, 15360,[  0,  0], 1e080
     Src_Flow [     0,     1,     1,     1] [     0,     0,     0]***[   241,   512,     1,     1] [   240, 61440,     0]***[     0,     1,     1,     1] [     0,     0,     0]***[2]
    Src2_Flow [     0,     1,     1,     1] [     0,     0,     0]***[    10,  1536,     1,     1] [    10, 15360,     0]***[     0,     1,     1,     1] [     0,     0,     0]***[2]
     Snk_Flow [     0,     1,     1,     1] [     0,     0,     0]***[   210,   512,     1,     1] [   320,   210,163840]***[     0,     1,     1,     1] [     0,     0,     0]***[2]
Padding Info [Row, Col]: Actual  IN -> OUT : [ 1,  1] -> [ 1,  1],  To fill zero OUT: [ 0,  0], Virtual Pad(T,L,B,R): [ 0,  0,  0,  0]

 ------------- 24( 0, 24, 0, 6, 0) [512 x 14 x  14] => [512 x 14 x  14] | TIDL_ConvolutionLayer
 LINK_X_FM_IN_FULL_TO_PART      12348031360 :  [1,4,1,1]
    FM_FULL        <107> ( L,U8b)[ 4, 1,    0, 1]: MSMC( 0),   320,   241,   512,163968,[ 16,  0],    70 |||| FM_IN_PART     <113> ( L,U8b)[ 4, 1,    0, 1]:  L2( 0),   192,   192,   512, 98432,[     0,     0],     0
     Src_Flow [     0,     1,     1,     1] [     0,     0,     0]***[    64,   512,     3,     1] [   320,    64,163840]***[    18,   512,     1,     1] [   320,    64,     0]***[2]
     Snk_Flow [     0,     1,     1,     1] [     0,     0,     0]***[    64,   512,     3,     1] [   192,    64,     0]***[    18,   512,     1,     1] [   192,    64,     0]***[2]
 LINK_X_COEFF_IN_ANY_TO_FINAL   12398363008 :  [1,1,1,1]
    COEFF_IN_STAGE <115> ( L,S8b)[ 1, 1,    0, 1]: MSMC( 0),   576,   513,   512,294912,[  0,  0],40ad80 |||| COEFF_IN_FINAL <116> ( L,S8b)[ 1, 1,    0, 1]:  L2( 0),   576,   513,   512,294912,[     0,     0], 18080
     Src_Flow [     0,     1,     1,     1] [     0,     0,     0]***[   513,   512,     1,     1] [   576,   513,294912]***[     0,     1,     1,     1] [     0,     0,     0]***[2]
     Snk_Flow [     0,     1,     1,     1] [     0,     0,     0]***[   513,   512,     1,     1] [   576,   513,     0]***[     0,     1,     1,     1] [     0,     0,     0]***[2]
 LINK_P                         12482249088 :  [2,4,1,1]
    FM_IN_PART     <113> ( L,U8b)[ 4, 1,    0, 1]:  L2( 0),   192,   192,   512, 98432,[  0,  0],     0 |||| FM_FULL        <112> ( L,U8b)[ 4, 1,    0, 1]: MSMC( 0),   320,   241,   512,163968,[    16,     0], 280f0
    COEFF_IN_FINAL  <116> ( L,S8b)[ 1, 1,    0, 1]:  L2( 0),   576,   513,   512,294912,[  0,  0], 18080
     Src_Flow [     0,     1,     1,     1] [     0,     0,     0]***[    64,   512,     3,     1] [   192,    64,     0]***[    18,   512,     1,     1] [   192,    64,     0]***[2]
    Src2_Flow [     0,     1,     1,     1] [     0,     0,     0]***[   513,   512,     1,     1] [   576,294912,     0]***[     0,     1,     1,     1] [     0,     0,     0]***[2]
     Snk_Flow [     0,     1,     1,     1] [     0,     0,     0]***[    64,   512,     3,     1] [   320,    64,163840]***[    18,   512,     1,     1] [   320,    64,     0]***[2]
Padding Info [Row, Col]: Actual  IN -> OUT : [ 1,  1] -> [ 1,  1],  To fill zero OUT: [ 1,  0], Virtual Pad(T,L,B,R): [ 0,  0,  0,  0]

 ------------- 25( 0, 25, 0, 3, 0) [512 x 14 x  14] => [512 x 7 x  7] | TIDL_ConvolutionLayer
 LINK_X_FM_IN_FULL_TO_PART      12884902288 :  [1,1,1,1]
    FM_FULL        <112> ( L,U8b)[ 1, 1,    0, 1]: MSMC( 0),   320,   241,   512,163968,[ 16,  0], 280f0 |||| FM_IN_PART     <118> (PP,U8b)[ 1, 1,    0, 1]:  L2( 0),   240,   240,   512,123008,[     0,     0],     0
     Src_Flow [     0,     1,     1,     1] [     0,     0,     0]***[   240,   512,     1,     1] [   320,   240,163840]***[     0,     1,     1,     1] [     0,     0,     0]***[2]
     Snk_Flow [     0,     1,     1,     1] [     0,     0,     0]***[   240,   512,     1,     1] [   240, 61440,     0]***[     0,     1,     1,     1] [     0,     0,     0]***[2]
 LINK_X_COEFF_IN_ANY_TO_FINAL   12935233936 :  [1,1,1,1]
    COEFF_IN_STAGE <120> ( L,S8b)[ 1, 1,    0, 1]: MSMC( 0),    10,    10,  1536, 15360,[  0,  0],58a180 |||| COEFF_IN_FINAL <121> ( L,S8b)[ 1, 1,    0, 1]:  L2( 0),    10,    10,  1536, 15360,[     0,     0], 1e080
     Src_Flow [     0,     1,     1,     1] [     0,     0,     0]***[    10,  1536,     1,     1] [    10,    10, 15360]***[     0,     1,     1,     1] [     0,     0,     0]***[2]
     Snk_Flow [     0,     1,     1,     1] [     0,     0,     0]***[    10,  1536,     1,     1] [    10,    10,     0]***[     0,     1,     1,     1] [     0,     0,     0]***[2]
 LINK_P                         13019120016 :  [2,1,1,1]
    FM_IN_PART     <118> (PP,U8b)[ 1, 1,    0, 1]:  L2( 0),   240,   240,   512,123008,[  0,  0],     0 |||| FM_FULL        <117> ( L,U8b)[ 1, 1,    0, 1]: MSMC( 0),   192,    73,   512, 98432,[     9,     0],    77
    COEFF_IN_FINAL  <121> ( L,S8b)[ 1, 1,    0, 1]:  L2( 0),    10,    10,  1536, 15360,[  0,  0], 1e080
     Src_Flow [     0,     1,     1,     1] [     0,     0,     0]***[   240,   512,     1,     1] [   240, 61440,     0]***[     0,     1,     1,     1] [     0,     0,     0]***[2]
    Src2_Flow [     0,     1,     1,     1] [     0,     0,     0]***[    10,  1536,     1,     1] [    10, 15360,     0]***[     0,     1,     1,     1] [     0,     0,     0]***[2]
     Snk_Flow [     0,     1,     1,     1] [     0,     0,     0]***[    56,   512,     1,     1] [   192,    56, 98304]***[     0,     1,     1,     1] [     0,     0,     0]***[2]
Padding Info [Row, Col]: Actual  IN -> OUT : [ 1,  1] -> [ 1,  1],  To fill zero OUT: [ 0,  0], Virtual Pad(T,L,B,R): [ 0,  0,  0,  0]

 ------------- 26( 0, 26, 0, 9, 0) [512 x 7 x  7] => [1024 x 7 x  7] | TIDL_ConvolutionLayer
 LINK_X_FM_IN_FULL_TO_PART      13421773216 :  [1,1,1,4]
    FM_FULL        <117> ( L,U8b)[ 1, 1,    0, 4]: MSMC( 0),   192,    73,   512, 98432,[  9,  0],    77 |||| FM_IN_PART     <123> ( L,U8b)[ 1, 1,    0, 4]:  L2( 0),    56,    56,   512, 28672,[     0,     0],     0
     Src_Flow [     0,     1,     1,     1] [     0,     0,     0]***[    56,   512,     1,     1] [   192,    56, 98304]***[     0,     1,     1,     1] [     0,     0,     0]***[2]
     Snk_Flow [     0,     1,     1,     1] [     0,     0,     0]***[    56,   512,     1,     1] [    56,    56,     0]***[     0,     1,     1,     1] [     0,     0,     0]***[2]
 LINK_X_COEFF_IN_ANY_TO_FINAL   13472104864 :  [4,4,1,1]
    COEFF_IN_STAGE <125> ( L,S8b)[ 4, 1,    0, 1]: MSMC( 0),   576,   513,  1024,589824,[  0,  0],332d80 |||| COEFF_IN_FINAL <126> (PP,S8b)[ 4, 1,    0, 1]:  L2( 0),   576,   513,   512,294912,[     0,     0],  7000
     Src_Flow [     0,     1,     1,     1] [     0,     0,     0]***[   513,   256,     4,     1] [   576,147456,147456]***[     0,     1,     1,     1] [     0,     0,     0]***[2]
     Snk_Flow [     0,     1,     1,     1] [     0,     0,     0]***[   513,   256,     2,     2] [   576,147456,     0]***[     0,     1,     1,     1] [     0,     0,     0]***[2]
 LINK_P                         13555990944 :  [5,4,1,1]
    FM_IN_PART     <123> ( L,U8b)[ 1, 1,    0, 4]:  L2( 0),    56,    56,   512, 28672,[  0,  0],     0 |||| FM_FULL        <122> ( L,U8b)[ 4, 1,    0, 1]: MSMC( 0),   192,    73,  1024,196736,[     9,     0], a80f7
    COEFF_IN_FINAL  <126> (PP,S8b)[ 4, 1,    0, 1]:  L2( 0),   576,   513,   512,294912,[  0,  0],  7000
     Src_Flow [     0,     1,     1,     1] [     0,     0,     0]***[    56,   512,     1,     1] [    56,     0,    56]***[     0,     1,     1,     1] [     0,     0,     0]***[2]
    Src2_Flow [     0,     1,     1,     1] [     0,     0,     0]***[   513,   256,     2,     2] [   576,147456,     0]***[     0,     1,     1,     1] [     0,     0,     0]***[2]
     Snk_Flow [     0,     1,     1,     1] [     0,     0,     0]***[    56,   256,     4,     1] [   192, 49152,    56]***[     0,     1,     1,     1] [     0,     0,     0]***[2]
Padding Info [Row, Col]: Actual  IN -> OUT : [ 1,  1] -> [ 1,  1],  To fill zero OUT: [ 1,  0], Virtual Pad(T,L,B,R): [ 0,  0,  0,  0]

 ------------- 27( 0, 27, 0, 3, 0) [1024 x 7 x  7] => [1024 x 7 x  7] | TIDL_ConvolutionLayer
 LINK_X_FM_IN_FULL_TO_PART      13958644144 :  [1,1,1,1]
    FM_FULL        <122> ( L,U8b)[ 1, 1,    0, 1]: MSMC( 0),   192,    73,  1024,196736,[  0,  0], a80f7 |||| FM_IN_PART     <128> (PP,U8b)[ 1, 1,    0, 1]:  L2( 0),    72,    72,  1024, 73856,[     0,     0],     0
     Src_Flow [     0,     1,     1,     1] [     0,     0,     0]***[    73,  1024,     1,     1] [   192,    73,196608]***[     0,     1,     1,     1] [     0,     0,     0]***[2]
     Snk_Flow [     0,     1,     1,     1] [     0,     0,     0]***[    73,  1024,     1,     1] [    72, 36864,     0]***[     0,     1,     1,     1] [     0,     0,     0]***[2]
 LINK_X_COEFF_IN_ANY_TO_FINAL   14008975792 :  [1,1,1,1]
    COEFF_IN_STAGE <130> ( L,S8b)[ 1, 1,    0, 1]: MSMC( 0),    10,    10,  3072, 30720,[  0,  0],572d80 |||| COEFF_IN_FINAL <131> ( L,S8b)[ 1, 1,    0, 1]:  L2( 0),    10,    10,  3072, 30720,[     0,     0], 12080
     Src_Flow [     0,     1,     1,     1] [     0,     0,     0]***[    10,  3072,     1,     1] [    10,    10, 30720]***[     0,     1,     1,     1] [     0,     0,     0]***[2]
     Snk_Flow [     0,     1,     1,     1] [     0,     0,     0]***[    10,  3072,     1,     1] [    10,    10,     0]***[     0,     1,     1,     1] [     0,     0,     0]***[2]
 LINK_P                         14092861872 :  [2,1,1,1]
    FM_IN_PART     <128> (PP,U8b)[ 1, 1,    0, 1]:  L2( 0),    72,    72,  1024, 73856,[  0,  0],     0 |||| FM_FULL        <127> ( L,U8b)[ 1, 1,    0, 1]: MSMC( 0),    49,    49,  1024, 50304,[     0,     0],     0
    COEFF_IN_FINAL  <131> ( L,S8b)[ 1, 1,    0, 1]:  L2( 0),    10,    10,  3072, 30720,[  0,  0], 12080
     Src_Flow [     0,     1,     1,     1] [     0,     0,     0]***[    73,  1024,     1,     1] [    72, 36864,     0]***[     0,     1,     1,     1] [     0,     0,     0]***[2]
    Src2_Flow [     0,     1,     1,     1] [     0,     0,     0]***[    10,  3072,     1,     1] [    10, 30720,     0]***[     0,     1,     1,     1] [     0,     0,     0]***[2]
     Snk_Flow [     0,     1,     1,     1] [     0,     0,     0]***[    49,  1024,     1,     1] [    49,    49, 50176]***[     0,     1,     1,     1] [     0,     0,     0]***[2]
Padding Info [Row, Col]: Actual  IN -> OUT : [ 1,  1] -> [ 0,  0],  To fill zero OUT: [ 0,  0], Virtual Pad(T,L,B,R): [ 0,  0,  0,  0]

 ------------- 28( 0, 28, 0, 17, 0) [1024 x 7 x  7] => [1024 x 7 x  7] | TIDL_ConvolutionLayer
 LINK_X_FM_IN_FULL_TO_PART      14495515072 :  [1,1,1,8]
    FM_FULL        <127> ( L,U8b)[ 1, 1,    0, 8]: MSMC( 0),    49,    49,  1024, 50304,[  0,  0],     0 |||| FM_IN_PART     <133> ( L,U8b)[ 1, 1,    0, 8]:  L2( 0),    49,    49,  1024, 50176,[     0,     0],     0
     Src_Flow [     0,     1,     1,     1] [     0,     0,     0]***[    49,  1024,     1,     1] [    49,    49, 50176]***[     0,     1,     1,     1] [     0,     0,     0]***[2]
     Snk_Flow [     0,     1,     1,     1] [     0,     0,     0]***[    49,  1024,     1,     1] [    49,    49,     0]***[     0,     1,     1,     1] [     0,     0,     0]***[2]
 LINK_X_COEFF_IN_ANY_TO_FINAL   14545846720 :  [8,8,1,1]
    COEFF_IN_STAGE <135> ( L,S8b)[ 8, 1,    0, 1]: MSMC( 0),  1088,  1025,  1024,1114112,[  0,  0],128900 |||| COEFF_IN_FINAL <136> (PP,S8b)[ 8, 1,    0, 1]:  L2( 0),  1088,  1025,   256,278528,[     0,     0],  c400
     Src_Flow [     0,     1,     1,     1] [     0,     0,     0]***[  1025,   128,     8,     1] [  1088,139264,139264]***[     0,     1,     1,     1] [     0,     0,     0]***[2]
     Snk_Flow [     0,     1,     1,     1] [     0,     0,     0]***[  1025,   128,     2,     4] [  1088,139264,     0]***[     0,     1,     1,     1] [     0,     0,     0]***[2]
 LINK_P                         14629732800 :  [9,8,1,1]
    FM_IN_PART     <133> ( L,U8b)[ 1, 1,    0, 8]:  L2( 0),    49,    49,  1024, 50176,[  0,  0],     0 |||| FM_FULL        <132> ( L,U8b)[ 8, 1,    0, 1]: MSMC( 0),    49,    49,  1024, 50304,[     0,     0],11c480
    COEFF_IN_FINAL  <136> (PP,S8b)[ 8, 1,    0, 1]:  L2( 0),  1088,  1025,   256,278528,[  0,  0],  c400
     Src_Flow [     0,     1,     1,     1] [     0,     0,     0]***[    49,  1024,     1,     1] [    49,     0,    49]***[     0,     1,     1,     1] [     0,     0,     0]***[2]
    Src2_Flow [     0,     1,     1,     1] [     0,     0,     0]***[  1025,   128,     2,     4] [  1088,139264,     0]***[     0,     1,     1,     1] [     0,     0,     0]***[2]
     Snk_Flow [     0,     1,     1,     1] [     0,     0,     0]***[    49,   128,     8,     1] [    49,  6272,    49]***[     0,     1,     1,     1] [     0,     0,     0]***[2]
Padding Info [Row, Col]: Actual  IN -> OUT : [ 0,  0] -> [ 0,  0],  To fill zero OUT: [ 0,  0], Virtual Pad(T,L,B,R): [ 0,  0,  0,  0]

 ------------- 29( 0, 29, 0, 2, 0) [1024 x 7 x  7] => [1024 x 1 x  1] | TIDL_PoolingLayer
 LINK_X_FM_IN_FULL_TO_PART      15032386000 :  [0,1,1,1]
    FM_FULL        <132> ( L,U8b)[ 1, 1,    0, 1]: MSMC( 0),    49,    49,  1024, 50304,[  0,  0],11c480 |||| FM_IN_PART     <138> (PP,U8b)[ 1, 1,    0, 1]:  L2( 0),    49,    49,  1024, 50176,[     0,     0],    80
     Src_Flow [     0,     1,     1,     1] [     0,     0,     0]***[    49,  1024,     1,     1] [    49,    49, 50176]***[     0,     1,     1,     1] [     0,     0,     0]***[2]
     Snk_Flow [     0,     1,     1,     1] [     0,     0,     0]***[    49,  1024,     1,     1] [    49, 25088,     0]***[     0,     1,     1,     1] [     0,     0,     0]***[2]
 LINK_P                         15166603728 :  [1,1,1,1]
    FM_IN_PART     <138> (PP,U8b)[ 1, 1,    0, 1]:  L2( 0),    49,    49,  1024, 50176,[  0,  0],    80 |||| FM_FULL        <137> ( L,U8b)[ 1, 1,    0, 1]: MSMC( 0),     1,     1,  1024,  1152,[     0,     0],     0
     Src_Flow [     0,     1,     1,     1] [     0,     0,     0]***[    49,  1024,     1,     1] [    49, 25088,     0]***[     0,     1,     1,     1] [     0,     0,     0]***[2]
     Snk_Flow [     0,     1,     1,     1] [     0,     0,     0]***[     8,  1024,     1,     1] [     1,     8,  1024]***[     0,     1,     1,     1] [     0,     0,     0]***[2]
Padding Info [Row, Col]: Actual  IN -> OUT : [ 0,  0] -> [ 0,  0],  To fill zero OUT: [ 0,  0], Virtual Pad(T,L,B,R): [ 0,  0,  0,  0]

 ------------- 30( 0, 30, 0, 2, 0) [1 x 1024 x  1] => [1 x 1001 x  1] | TIDL_InnerProductLayer
 LINK_X_FM_IN_FULL_TO_PART      15569256928 :  [0,1,1,1]
    FM_FULL        <137> ( L,U8b)[ 1, 1,    0, 1]: MSMC( 0),     1,     1,  1024,  1152,[  0,  0],     0 |||| FM_IN_PART     <140> (PP,U8b)[ 1, 1,    0, 1]:  L2( 0),  2048,  2048,     2,  4096,[     0,     0],     0
     Src_Flow [     0,     1,     1,     1] [     0,     0,     0]***[  1024,     2,     1,     1] [     1,  1024,     2]***[     0,     1,     1,     1] [     0,     0,     0]***[2]
     Snk_Flow [     0,     1,     1,     1] [     0,     0,     0]***[  1024,     2,     1,     1] [  2048,  1024,     0]***[     0,     1,     1,     1] [     0,     0,     0]***[2]
 LINK_P                         15703474656 :  [1,1,1,1]
    FM_IN_PART     <140> (PP,U8b)[ 1, 1,    0, 1]:  L2( 0),  2048,  2048,     2,  4096,[  0,  0],     0 |||| FM_FULL        <139> ( L,S8b)[ 1, 1,    0, 1]: MSMC( 0),  1088,  1001,     1,  1280,[     0,     0], fa900
    COEFF_IN_FINAL  <142> ( L,S8b)[ 1, 1,    0, 1]: MSMC( 0),1025088,1025024,     1,1025152,[  0,  0],238900
     Src_Flow [     0,     1,     1,     1] [     0,     0,     0]***[  1024,     2,     1,     1] [  2048,  1024,     0]***[     0,     1,     1,     1] [     0,     0,     0]***[2]
    Src2_Flow [     0,     1,     1,     1] [     0,     0,     0]***[     0,     1,     1,     1] [     0,     0,     0]***[     0,     1,     1,     1] [     0,     0,     0]***[2]
     Snk_Flow [     0,     1,     1,     1] [     0,     0,     0]***[  1001,     2,     1,     1] [  1088,  1001,  2176]***[     0,     1,     1,     1] [     0,     0,     0]***[2]
Padding Info [Row, Col]: Actual  IN -> OUT : [ 0,  0] -> [ 0,  0],  To fill zero OUT: [ 0,  0], Virtual Pad(T,L,B,R): [ 0,  0,  0,  0]

 ------------- 31( 0, 31, 0, 4, 0) [1 x 1001 x  1] => [1 x 1001 x  1] | TIDL_SoftMaxLayer
 LINK_X_FM_IN_FULL_TO_PART      16106127856 :  [0,1,1,1]
    FM_FULL        <139> ( L,S8b)[ 1, 1,    0, 1]: MSMC( 0),  1088,  1001,     1,  1280,[  0,  0], fa900 |||| FM_IN_PART     <146> (PP,S8b)[ 1, 1,    0, 1]:  L2( 0),  2002,  2002,     1,  2048,[     0,     0],     0
     Src_Flow [     0,     1,     1,     1] [     0,     0,     0]***[  1001,     1,     1,     1] [  1088,  1001,  1088]***[     0,     1,     1,     1] [     0,     0,     0]***[2]
     Snk_Flow [     0,     1,     1,     1] [     0,     0,     0]***[  1001,     1,     1,     1] [  2002,  1001,     0]***[     0,     1,     1,     1] [     0,     0,     0]***[2]
 LINK_X_FM_OUT_PART_TO_FULL     16190013936 :  [2,1,1,1]
    FM_OUT_PART    <147> (PP,F32b)[ 1, 1,    0, 1]: MSMC( 0),  1008,  1001,     2,  2016,[  0,  0],   480 |||| FM_FULL        <145> ( L,F32b)[ 1, 1,    0, 1]: DDR( 0),  1001,  1001,     1,  1280,[     0,     0],     0
     Src_Flow [     0,     1,     1,     1] [     0,     0,     0]***[  1001,     1,     1,     1] [  1008,   504,     0]***[     0,     1,     1,     1] [     0,     0,     0]***[2]
     Snk_Flow [     0,     1,     1,     1] [     0,     0,     0]***[  1001,     1,     1,     1] [  1001,  1001,  1001]***[     0,     1,     1,     1] [     0,     0,     0]***[2]
 LINK_P                         16240345584 :  [1,1,1,1]
    FM_IN_PART     <146> (PP,S8b)[ 1, 1,    0, 1]:  L2( 0),  2002,  2002,     1,  2048,[  0,  0],     0 |||| FM_OUT_PART    <147> (PP,F32b)[ 1, 1,    0, 1]: MSMC( 0),  1008,  1001,     2,  2016,[     0,     0],   480
     Src_Flow [     0,     1,     1,     1] [     0,     0,     0]***[  1001,     1,     1,     1] [  2002,  1001,     0]***[     0,     1,     1,     1] [     0,     0,     0]***[2]
     Snk_Flow [     0,     1,     1,     1] [     0,     0,     0]***[  1001,     1,     1,     1] [  1008,  1001,     0]***[     0,     1,     1,     1] [     0,     0,     0]***[2]
Padding Info [Row, Col]: Actual  IN -> OUT : [ 0,  0] -> [ 0,  0],  To fill zero OUT: [ 0,  0], Virtual Pad(T,L,B,R): [ 0,  0,  0,  0]

 ------------- 32 [Persistent Links WL]
 layer ID :2
 LINK_X_COEFF_IN_FULL_TO_STAGE  570425376   :  [0,1,1,1]
    COEFF_FULL     <5> ( L,S8b)[ 1, 1,    0, 1]: DDR_PERSIST( 0),    28,    28,    32,   896,[  0,  0],     0 |||| COEFF_IN_STAGE <6> ( L,S8b)[ 1, 1,    0, 1]: MSMC( 0),    28,    28,    32,   896,[     0,     0],5a3400
     Src_Flow [     0,     1,     1,     1] [     0,     0,     0]***[    28,    32,     1,     1] [    28,    28,   896]***[     0,     1,     1,     1] [     0,     0,     0]***[2]
     Snk_Flow [     0,     1,     1,     1] [     0,     0,     0]***[    28,    32,     1,     1] [    28,    28,     0]***[     0,     1,     1,     1] [     0,     0,     0]***[2]
 layer ID :3
 LINK_X_COEFF_IN_FULL_TO_STAGE  1107296304  :  [0,1,1,1]
    COEFF_FULL     <10> ( L,S8b)[ 1, 1,    0, 1]: DDR_PERSIST( 0),    10,    10,    96,  1024,[  0,  0],   380 |||| COEFF_IN_STAGE <11> ( L,S8b)[ 1, 1,    0, 1]: MSMC( 0),    10,    10,    96,  1024,[     0,     0],5a3000
     Src_Flow [     0,     1,     1,     1] [     0,     0,     0]***[    10,    96,     1,     1] [    10,    10,   960]***[     0,     1,     1,     1] [     0,     0,     0]***[2]
     Snk_Flow [     0,     1,     1,     1] [     0,     0,     0]***[    10,    96,     1,     1] [    10,    10,     0]***[     0,     1,     1,     1] [     0,     0,     0]***[2]
 layer ID :4
 LINK_X_COEFF_IN_FULL_TO_STAGE  1644167232  :  [0,1,1,1]
    COEFF_FULL     <15> ( L,S8b)[ 1, 1,    0, 1]: DDR_PERSIST( 0),    33,    33,    64,  2176,[  0,  0],   780 |||| COEFF_IN_STAGE <16> ( L,S8b)[ 1, 1,    0, 1]: MSMC( 0),    33,    33,    64,  2176,[     0,     0],5a2780
     Src_Flow [     0,     1,     1,     1] [     0,     0,     0]***[    33,    64,     1,     1] [    33,    33,  2112]***[     0,     1,     1,     1] [     0,     0,     0]***[2]
     Snk_Flow [     0,     1,     1,     1] [     0,     0,     0]***[    33,    64,     1,     1] [    33,    33,     0]***[     0,     1,     1,     1] [     0,     0,     0]***[2]
 layer ID :5
 LINK_X_COEFF_IN_ANY_TO_FINAL   2197815376  :  [0,1,1,1]
    COEFF_FULL     <20> ( L,S8b)[ 1, 1,    0, 1]: DDR_PERSIST( 0),    10,    10,   192,  1920,[  0,  0],  1000 |||| COEFF_IN_FINAL <21> ( L,S8b)[ 1, 1,    0, 1]:  L2( 0),    10,    10,   192,  1920,[     0,     0], 6f080
     Src_Flow [     0,     1,     1,     1] [     0,     0,     0]***[    10,   192,     1,     1] [    10,    10,  1920]***[     0,     1,     1,     1] [     0,     0,     0]***[2]
     Snk_Flow [     0,     1,     1,     1] [     0,     0,     0]***[    10,   192,     1,     1] [    10,    10,     0]***[     0,     1,     1,     1] [     0,     0,     0]***[2]
 layer ID :6
 LINK_X_COEFF_IN_FULL_TO_STAGE  2717909088  :  [0,1,1,1]
    COEFF_FULL     <24> ( L,S8b)[ 1, 1,    0, 1]: DDR_PERSIST( 0),    65,    65,   128,  8320,[  0,  0],  1780 |||| COEFF_IN_STAGE <25> ( L,S8b)[ 1, 1,    0, 1]: MSMC( 0),   192,    65,   128, 24576,[     0,     0],57a580
     Src_Flow [     0,     1,     1,     1] [     0,     0,     0]***[    65,   128,     1,     1] [    65,    65,     0]***[     0,     1,     1,     1] [     0,     0,     0]***[2]
     Snk_Flow [     0,     1,     1,     1] [     0,     0,     0]***[    65,   128,     1,     1] [   192,    65, 24576]***[     0,     1,     1,     1] [     0,     0,     0]***[2]
 layer ID :7
 LINK_X_COEFF_IN_FULL_TO_STAGE  3254780016  :  [0,1,1,1]
    COEFF_FULL     <29> ( L,S8b)[ 1, 1,    0, 1]: DDR_PERSIST( 0),    10,    10,   384,  3840,[  0,  0],  3800 |||| COEFF_IN_STAGE <30> ( L,S8b)[ 1, 1,    0, 1]: MSMC( 0),    10,    10,   384,  3840,[     0,     0],5a0980
     Src_Flow [     0,     1,     1,     1] [     0,     0,     0]***[    10,   384,     1,     1] [    10,    10,  3840]***[     0,     1,     1,     1] [     0,     0,     0]***[2]
     Snk_Flow [     0,     1,     1,     1] [     0,     0,     0]***[    10,   384,     1,     1] [    10,    10,     0]***[     0,     1,     1,     1] [     0,     0,     0]***[2]
 layer ID :8
 LINK_X_COEFF_IN_FULL_TO_STAGE  3791650944  :  [0,1,1,1]
    COEFF_FULL     <34> ( L,S8b)[ 1, 1,    0, 1]: DDR_PERSIST( 0),   129,   129,   128, 16512,[  0,  0],  4700 |||| COEFF_IN_STAGE <35> ( L,S8b)[ 1, 1,    0, 1]: MSMC( 0),   192,   129,   128, 24576,[     0,     0],580580
     Src_Flow [     0,     1,     1,     1] [     0,     0,     0]***[   129,   128,     1,     1] [   129,   129,     0]***[     0,     1,     1,     1] [     0,     0,     0]***[2]
     Snk_Flow [     0,     1,     1,     1] [     0,     0,     0]***[   129,   128,     1,     1] [   192,   129, 24576]***[     0,     1,     1,     1] [     0,     0,     0]***[2]
 layer ID :9
 LINK_X_COEFF_IN_FULL_TO_STAGE  4328521872  :  [0,1,1,1]
    COEFF_FULL     <39> ( L,S8b)[ 1, 1,    0, 1]: DDR_PERSIST( 0),    10,    10,   384,  3840,[  0,  0],  8780 |||| COEFF_IN_STAGE <40> ( L,S8b)[ 1, 1,    0, 1]: MSMC( 0),    10,    10,   384,  3840,[     0,     0],5a1880
     Src_Flow [     0,     1,     1,     1] [     0,     0,     0]***[    10,   384,     1,     1] [    10,    10,  3840]***[     0,     1,     1,     1] [     0,     0,     0]***[2]
     Snk_Flow [     0,     1,     1,     1] [     0,     0,     0]***[    10,   384,     1,     1] [    10,    10,     0]***[     0,     1,     1,     1] [     0,     0,     0]***[2]
 layer ID :10
 LINK_X_COEFF_IN_FULL_TO_STAGE  4865392800  :  [0,1,1,1]
    COEFF_FULL     <44> ( L,S8b)[ 1, 1,    0, 1]: DDR_PERSIST( 0),   129,   129,   256, 33024,[  0,  0],  9680 |||| COEFF_IN_STAGE <45> ( L,S8b)[ 1, 1,    0, 1]: MSMC( 0),   192,   129,   256, 49152,[     0,     0],566d80
     Src_Flow [     0,     1,     1,     1] [     0,     0,     0]***[   129,   256,     1,     1] [   129,   129,     0]***[     0,     1,     1,     1] [     0,     0,     0]***[2]
     Snk_Flow [     0,     1,     1,     1] [     0,     0,     0]***[   129,   256,     1,     1] [   192,   129, 49152]***[     0,     1,     1,     1] [     0,     0,     0]***[2]
 layer ID :11
 LINK_X_COEFF_IN_FULL_TO_STAGE  5402263728  :  [0,1,1,1]
    COEFF_FULL     <49> ( L,S8b)[ 1, 1,    0, 1]: DDR_PERSIST( 0),    10,    10,   768,  7680,[  0,  0], 11780 |||| COEFF_IN_STAGE <50> ( L,S8b)[ 1, 1,    0, 1]: MSMC( 0),    10,    10,   768,  7680,[     0,     0],59cd80
     Src_Flow [     0,     1,     1,     1] [     0,     0,     0]***[    10,   768,     1,     1] [    10,    10,  7680]***[     0,     1,     1,     1] [     0,     0,     0]***[2]
     Snk_Flow [     0,     1,     1,     1] [     0,     0,     0]***[    10,   768,     1,     1] [    10,    10,     0]***[     0,     1,     1,     1] [     0,     0,     0]***[2]
 layer ID :12
 LINK_X_COEFF_IN_FULL_TO_STAGE  5939134656  :  [0,1,1,1]
    COEFF_FULL     <54> ( L,S8b)[ 1, 1,    0, 1]: DDR_PERSIST( 0),   257,   257,   256, 65792,[  0,  0], 13580 |||| COEFF_IN_STAGE <55> ( L,S8b)[ 1, 1,    0, 1]: MSMC( 0),   320,   257,   256, 81920,[     0,     0],552d80
     Src_Flow [     0,     1,     1,     1] [     0,     0,     0]***[   257,   256,     1,     1] [   257,   257,     0]***[     0,     1,     1,     1] [     0,     0,     0]***[2]
     Snk_Flow [     0,     1,     1,     1] [     0,     0,     0]***[   257,   256,     1,     1] [   320,   257, 81920]***[     0,     1,     1,     1] [     0,     0,     0]***[2]
 layer ID :13
 LINK_X_COEFF_IN_FULL_TO_STAGE  6476005584  :  [0,1,1,1]
    COEFF_FULL     <59> ( L,S8b)[ 1, 1,    0, 1]: DDR_PERSIST( 0),    10,    10,   768,  7680,[  0,  0], 23680 |||| COEFF_IN_STAGE <60> ( L,S8b)[ 1, 1,    0, 1]: MSMC( 0),    10,    10,   768,  7680,[     0,     0],59eb80
     Src_Flow [     0,     1,     1,     1] [     0,     0,     0]***[    10,   768,     1,     1] [    10,    10,  7680]***[     0,     1,     1,     1] [     0,     0,     0]***[2]
     Snk_Flow [     0,     1,     1,     1] [     0,     0,     0]***[    10,   768,     1,     1] [    10,    10,     0]***[     0,     1,     1,     1] [     0,     0,     0]***[2]
 layer ID :14
 LINK_X_COEFF_IN_FULL_TO_STAGE  7012876512  :  [0,1,1,1]
    COEFF_FULL     <64> ( L,S8b)[ 1, 1,    0, 1]: DDR_PERSIST( 0),   257,   257,   512,131584,[  0,  0], 25480 |||| COEFF_IN_STAGE <65> ( L,S8b)[ 1, 1,    0, 1]: MSMC( 0),   320,   257,   512,163840,[     0,     0],52ad80
     Src_Flow [     0,     1,     1,     1] [     0,     0,     0]***[   257,   512,     1,     1] [   257,   257,     0]***[     0,     1,     1,     1] [     0,     0,     0]***[2]
     Snk_Flow [     0,     1,     1,     1] [     0,     0,     0]***[   257,   512,     1,     1] [   320,   257,163840]***[     0,     1,     1,     1] [     0,     0,     0]***[2]
 layer ID :15
 LINK_X_COEFF_IN_FULL_TO_STAGE  7549747440  :  [0,1,1,1]
    COEFF_FULL     <69> ( L,S8b)[ 1, 1,    0, 1]: DDR_PERSIST( 0),    10,    10,  1536, 15360,[  0,  0], 45680 |||| COEFF_IN_STAGE <70> ( L,S8b)[ 1, 1,    0, 1]: MSMC( 0),    10,    10,  1536, 15360,[     0,     0],595580
     Src_Flow [     0,     1,     1,     1] [     0,     0,     0]***[    10,  1536,     1,     1] [    10,    10, 15360]***[     0,     1,     1,     1] [     0,     0,     0]***[2]
     Snk_Flow [     0,     1,     1,     1] [     0,     0,     0]***[    10,  1536,     1,     1] [    10,    10,     0]***[     0,     1,     1,     1] [     0,     0,     0]***[2]
 layer ID :16
 LINK_X_COEFF_IN_FULL_TO_STAGE  8086618368  :  [0,1,1,1]
    COEFF_FULL     <74> ( L,S8b)[ 1, 1,    0, 1]: DDR_PERSIST( 0),   513,   513,   512,262656,[  0,  0], 49280 |||| COEFF_IN_STAGE <75> ( L,S8b)[ 1, 1,    0, 1]: MSMC( 0),   576,   513,   512,294912,[     0,     0],452d80
     Src_Flow [     0,     1,     1,     1] [     0,     0,     0]***[   513,   512,     1,     1] [   513,   513,     0]***[     0,     1,     1,     1] [     0,     0,     0]***[2]
     Snk_Flow [     0,     1,     1,     1] [     0,     0,     0]***[   513,   512,     1,     1] [   576,   513,294912]***[     0,     1,     1,     1] [     0,     0,     0]***[2]
 layer ID :17
 LINK_X_COEFF_IN_FULL_TO_STAGE  8623489296  :  [0,1,1,1]
    COEFF_FULL     <79> ( L,S8b)[ 1, 1,    0, 1]: DDR_PERSIST( 0),    10,    10,  1536, 15360,[  0,  0], 89480 |||| COEFF_IN_STAGE <80> ( L,S8b)[ 1, 1,    0, 1]: MSMC( 0),    10,    10,  1536, 15360,[     0,     0],58dd80
     Src_Flow [     0,     1,     1,     1] [     0,     0,     0]***[    10,  1536,     1,     1] [    10,    10, 15360]***[     0,     1,     1,     1] [     0,     0,     0]***[2]
     Snk_Flow [     0,     1,     1,     1] [     0,     0,     0]***[    10,  1536,     1,     1] [    10,    10,     0]***[     0,     1,     1,     1] [     0,     0,     0]***[2]
 layer ID :18
 LINK_X_COEFF_IN_FULL_TO_STAGE  9160360224  :  [0,1,1,1]
    COEFF_FULL     <84> ( L,S8b)[ 1, 1,    0, 1]: DDR_PERSIST( 0),   513,   513,   512,262656,[  0,  0], 8d080 |||| COEFF_IN_STAGE <85> ( L,S8b)[ 1, 1,    0, 1]: MSMC( 0),   576,   513,   512,294912,[     0,     0],49ad80
     Src_Flow [     0,     1,     1,     1] [     0,     0,     0]***[   513,   512,     1,     1] [   513,   513,     0]***[     0,     1,     1,     1] [     0,     0,     0]***[2]
     Snk_Flow [     0,     1,     1,     1] [     0,     0,     0]***[   513,   512,     1,     1] [   576,   513,294912]***[     0,     1,     1,     1] [     0,     0,     0]***[2]
 layer ID :19
 LINK_X_COEFF_IN_FULL_TO_STAGE  9697231152  :  [0,1,1,1]
    COEFF_FULL     <89> ( L,S8b)[ 1, 1,    0, 1]: DDR_PERSIST( 0),    10,    10,  1536, 15360,[  0,  0], cd280 |||| COEFF_IN_STAGE <90> ( L,S8b)[ 1, 1,    0, 1]: MSMC( 0),    10,    10,  1536, 15360,[     0,     0],586580
     Src_Flow [     0,     1,     1,     1] [     0,     0,     0]***[    10,  1536,     1,     1] [    10,    10, 15360]***[     0,     1,     1,     1] [     0,     0,     0]***[2]
     Snk_Flow [     0,     1,     1,     1] [     0,     0,     0]***[    10,  1536,     1,     1] [    10,    10,     0]***[     0,     1,     1,     1] [     0,     0,     0]***[2]
 layer ID :20
 LINK_X_COEFF_IN_FULL_TO_STAGE  10234102080 :  [0,1,1,1]
    COEFF_FULL     <94> ( L,S8b)[ 1, 1,    0, 1]: DDR_PERSIST( 0),   513,   513,   512,262656,[  0,  0], d0e80 |||| COEFF_IN_STAGE <95> ( L,S8b)[ 1, 1,    0, 1]: MSMC( 0),   576,   513,   512,294912,[     0,     0],4e2d80
     Src_Flow [     0,     1,     1,     1] [     0,     0,     0]***[   513,   512,     1,     1] [   513,   513,     0]***[     0,     1,     1,     1] [     0,     0,     0]***[2]
     Snk_Flow [     0,     1,     1,     1] [     0,     0,     0]***[   513,   512,     1,     1] [   576,   513,294912]***[     0,     1,     1,     1] [     0,     0,     0]***[2]
 layer ID :21
 LINK_X_COEFF_IN_FULL_TO_STAGE  10770973008 :  [0,1,1,1]
    COEFF_FULL     <99> ( L,S8b)[ 1, 1,    0, 1]: DDR_PERSIST( 0),    10,    10,  1536, 15360,[  0,  0],111080 |||| COEFF_IN_STAGE <100> ( L,S8b)[ 1, 1,    0, 1]: MSMC( 0),    10,    10,  1536, 15360,[     0,     0],591980
     Src_Flow [     0,     1,     1,     1] [     0,     0,     0]***[    10,  1536,     1,     1] [    10,    10, 15360]***[     0,     1,     1,     1] [     0,     0,     0]***[2]
     Snk_Flow [     0,     1,     1,     1] [     0,     0,     0]***[    10,  1536,     1,     1] [    10,    10,     0]***[     0,     1,     1,     1] [     0,     0,     0]***[2]
 layer ID :22
 LINK_X_COEFF_IN_FULL_TO_STAGE  11307843936 :  [0,1,1,1]
    COEFF_FULL     <104> ( L,S8b)[ 1, 1,    0, 1]: DDR_PERSIST( 0),   513,   513,   512,262656,[  0,  0],114c80 |||| COEFF_IN_STAGE <105> ( L,S8b)[ 1, 1,    0, 1]: MSMC( 0),   576,   513,   512,294912,[     0,     0],3c2d80
     Src_Flow [     0,     1,     1,     1] [     0,     0,     0]***[   513,   512,     1,     1] [   513,   513,     0]***[     0,     1,     1,     1] [     0,     0,     0]***[2]
     Snk_Flow [     0,     1,     1,     1] [     0,     0,     0]***[   513,   512,     1,     1] [   576,   513,294912]***[     0,     1,     1,     1] [     0,     0,     0]***[2]
 layer ID :23
 LINK_X_COEFF_IN_FULL_TO_STAGE  11844714864 :  [0,1,1,1]
    COEFF_FULL     <109> ( L,S8b)[ 1, 1,    0, 1]: DDR_PERSIST( 0),    10,    10,  1536, 15360,[  0,  0],154e80 |||| COEFF_IN_STAGE <110> ( L,S8b)[ 1, 1,    0, 1]: MSMC( 0),    10,    10,  1536, 15360,[     0,     0],599180
     Src_Flow [     0,     1,     1,     1] [     0,     0,     0]***[    10,  1536,     1,     1] [    10,    10, 15360]***[     0,     1,     1,     1] [     0,     0,     0]***[2]
     Snk_Flow [     0,     1,     1,     1] [     0,     0,     0]***[    10,  1536,     1,     1] [    10,    10,     0]***[     0,     1,     1,     1] [     0,     0,     0]***[2]
 layer ID :24
 LINK_X_COEFF_IN_FULL_TO_STAGE  12381585792 :  [0,1,1,1]
    COEFF_FULL     <114> ( L,S8b)[ 1, 1,    0, 1]: DDR_PERSIST( 0),   513,   513,   512,262656,[  0,  0],158a80 |||| COEFF_IN_STAGE <115> ( L,S8b)[ 1, 1,    0, 1]: MSMC( 0),   576,   513,   512,294912,[     0,     0],40ad80
     Src_Flow [     0,     1,     1,     1] [     0,     0,     0]***[   513,   512,     1,     1] [   513,   513,     0]***[     0,     1,     1,     1] [     0,     0,     0]***[2]
     Snk_Flow [     0,     1,     1,     1] [     0,     0,     0]***[   513,   512,     1,     1] [   576,   513,294912]***[     0,     1,     1,     1] [     0,     0,     0]***[2]
 layer ID :25
 LINK_X_COEFF_IN_FULL_TO_STAGE  12918456720 :  [0,1,1,1]
    COEFF_FULL     <119> ( L,S8b)[ 1, 1,    0, 1]: DDR_PERSIST( 0),    10,    10,  1536, 15360,[  0,  0],198c80 |||| COEFF_IN_STAGE <120> ( L,S8b)[ 1, 1,    0, 1]: MSMC( 0),    10,    10,  1536, 15360,[     0,     0],58a180
     Src_Flow [     0,     1,     1,     1] [     0,     0,     0]***[    10,  1536,     1,     1] [    10,    10, 15360]***[     0,     1,     1,     1] [     0,     0,     0]***[2]
     Snk_Flow [     0,     1,     1,     1] [     0,     0,     0]***[    10,  1536,     1,     1] [    10,    10,     0]***[     0,     1,     1,     1] [     0,     0,     0]***[2]
 layer ID :26
 LINK_X_COEFF_IN_FULL_TO_STAGE  13455327648 :  [0,1,1,4]
    COEFF_FULL     <124> ( L,S8b)[ 1, 1,    0, 4]: DDR_PERSIST( 0),   513,   513,  1024,525312,[  0,  0],19c880 |||| COEFF_IN_STAGE <125> ( L,S8b)[ 1, 1,    0, 4]: MSMC( 0),   576,   513,  1024,589824,[     0,     0],332d80
     Src_Flow [     0,     1,     1,     1] [     0,     0,     0]***[   513,  1024,     1,     1] [   513,   513,     0]***[     0,     1,     1,     1] [     0,     0,     0]***[2]
     Snk_Flow [     0,     1,     1,     1] [     0,     0,     0]***[   513,  1024,     1,     1] [   576,   513,589824]***[     0,     1,     1,     1] [     0,     0,     0]***[2]
 layer ID :27
 LINK_X_COEFF_IN_FULL_TO_STAGE  13992198576 :  [0,1,1,1]
    COEFF_FULL     <129> ( L,S8b)[ 1, 1,    0, 1]: DDR_PERSIST( 0),    10,    10,  3072, 30720,[  0,  0],21cc80 |||| COEFF_IN_STAGE <130> ( L,S8b)[ 1, 1,    0, 1]: MSMC( 0),    10,    10,  3072, 30720,[     0,     0],572d80
     Src_Flow [     0,     1,     1,     1] [     0,     0,     0]***[    10,  3072,     1,     1] [    10,    10, 30720]***[     0,     1,     1,     1] [     0,     0,     0]***[2]
     Snk_Flow [     0,     1,     1,     1] [     0,     0,     0]***[    10,  3072,     1,     1] [    10,    10,     0]***[     0,     1,     1,     1] [     0,     0,     0]***[2]
 layer ID :28
 LINK_X_COEFF_IN_FULL_TO_STAGE  14529069504 :  [0,1,1,8]
    COEFF_FULL     <134> ( L,S8b)[ 1, 1,    0, 8]: DDR_PERSIST( 0),  1025,  1025,  1024,1049600,[  0,  0],224480 |||| COEFF_IN_STAGE <135> ( L,S8b)[ 1, 1,    0, 8]: MSMC( 0),  1088,  1025,  1024,1114112,[     0,     0],128900
     Src_Flow [     0,     1,     1,     1] [     0,     0,     0]***[  1025,  1024,     1,     1] [  1025,  1025,     0]***[     0,     1,     1,     1] [     0,     0,     0]***[2]
     Snk_Flow [     0,     1,     1,     1] [     0,     0,     0]***[  1025,  1024,     1,     1] [  1088,  1025,1114112]***[     0,     1,     1,     1] [     0,     0,     0]***[2]
 layer ID :30
 LINK_X_COEFF_IN_ANY_TO_FINAL   15619588576 :  [0,1,1,1]
    COEFF_FULL     <141> ( L,S8b)[ 1, 1,    0, 1]: DDR_PERSIST( 0),1025024,1025024,     1,1025024,[  0,  0],324880 |||| COEFF_IN_FINAL <142> ( L,S8b)[ 1, 1,    0, 1]: MSMC( 0),1025088,1025024,     1,1025152,[     0,     0],238900
     Src_Flow [     0,     1,     1,     1] [     0,     0,     0]***[1025024,     1,     1,     1] [1025024,1025024,     0]***[     0,     1,     1,     1] [     0,     0,     0]***[2]
     Snk_Flow [     0,     1,     1,     1] [     0,     0,     0]***[1025024,     1,     1,     1] [1025088,1025024,1025088]***[     0,     1,     1,     1] [     0,     0,     0]***[2]
